MeshAnim
1
60
52
30
-1.192093E-07 -5.960464E-08 -1 0
-1 0 5.960464E-08 0
5.960464E-08 1 -1.192093E-07 0
0.001732889 1.199163E-08 -4.001733 1

0.01254019 -0.9994429 -0.03092784 0
0.5654062 -0.01842327 0.8246068 0
-0.8247172 -0.02782759 0.5648602 0
1.358567E-07 1.224001 -4 1

0.02390253 0.8519353 -0.5231015 0
0.3385638 0.4854332 0.8060579 0
0.9406399 -0.19637 -0.2768314 0
-0.1245784 1.219798 -3.914674 1

-0.3740722 0.9252892 -0.06253135 0
0.6480906 0.3090461 0.6960381 0
0.6633616 0.2198427 -0.7152768 0
0.1245787 1.228205 -4.085326 1

0.03354672 -0.9963836 -0.07806554 0
0.2177448 -0.06894681 0.9735674 0
-0.975429 -0.04965843 0.2146443 0
-0.00171057 1.352619 -3.996161 1

0.1429362 0.9812728 0.1291277 0
0.189412 -0.1551768 0.9695585 0
0.9714384 -0.1141265 -0.208045 0
-0.1379518 0.7431353 -3.621996 1

0.1738608 0.9229465 0.3434283 0
0.817942 -0.3295483 0.4715607 0
0.5484012 0.1989186 -0.8122117 0
0.3338741 0.7105008 -4.050339 1

0.0334956 -0.9963863 -0.07805252 0
0.2818807 -0.06550768 0.9572105 0
-0.9588645 -0.05406392 0.2786679 0
-0.00898126 1.567087 -3.979585 1

-7.012858E-07 1 5.010515E-07 0
0.2590892 -3.112344E-07 0.9658535 0
0.9658534 8.991158E-07 -0.2590893 0
-0.2179252 0.1941084 -3.694244 1

1.539476E-06 1 -9.313227E-07 0
0.8659332 -9.573901E-07 0.5001595 0
0.5001597 -1.508202E-06 -0.8659335 0
0.2365983 0.1941078 -4.242489 1

0.9991413 0.03547245 -0.02141041 0
-0.02410273 0.07729539 -0.996717 0
-0.03370084 0.9963772 0.07808393 0
-0.07406633 1.853858 -3.940794 1

0.03349549 -0.9963863 -0.07805289 0
0.2818817 -0.06550799 0.9572102 0
-0.9588642 -0.05406398 0.2786688 0
-0.0187553 1.856985 -3.956974 1

-0.9588646 -0.0540638 0.2786678 0
-0.2818807 0.06550767 -0.9572108 0
0.03349573 -0.9963865 -0.07805254 0
0.0366133 1.860098 -3.972959 1

-0.2590906 -2.84812E-07 -0.9658532 0
-8.745119E-07 1 -6.705523E-08 0
0.9658532 9.40094E-07 -0.2590906 0
-0.1530139 0.02322678 -3.452263 1

-0.8659337 4.097725E-07 -0.5001585 0
1.207925E-06 1 -1.2815E-06 0
0.5001587 -1.664664E-06 -0.8659341 0
0.4535455 0.02322626 -4.117181 1

0.01254028 -0.999443 -0.03092551 0
-0.009880246 -0.03105034 0.999469 0
-0.9998726 -0.01222812 -0.01026419 0
-0.02304972 1.984731 -3.946967 1

0.4945987 0.8426254 0.2129668 0
-0.3423657 0.4141175 -0.8433815 0
-0.798848 0.3442228 0.4933082 0
-0.3530042 1.843955 -3.934816 1

-0.6571935 0.7222704 0.2154583 0
-0.2616811 0.04943103 -0.9638882 0
-0.7068377 -0.689842 0.1565185 0
0.3043071 1.875192 -4.050757 1

0.2432186 0.941813 -0.2320202 0
-0.387931 -0.1247902 -0.9132016 0
-0.8890186 0.3121153 0.3350072 0
-0.5407575 1.524088 -4.01566 1

-0.7436575 0.09441666 -0.6618604 0
0.1625814 -0.9347201 -0.3160155 0
-0.6484909 -0.3426133 0.6797618 0
0.5537829 1.601012 -4.132547 1

-0.306959 -0.1917808 -0.9322005 0
-0.9511995 0.09429369 0.2938167 0
0.03155206 0.976898 -0.2113662 0
0.7430255 1.576986 -3.96412 1

-0.03612258 0.960098 -0.2773215 0
0.9959193 0.01161984 -0.08949599 0
-0.08270264 -0.2794227 -0.9566004 0
-0.6026504 1.284421 -3.956616 1

-0.3668903 0.6892433 -0.6247691 0
0.6114411 -0.3274832 -0.720343 0
-0.7010924 -0.6462964 -0.3012817 0
-0.5886118 1.187706 -3.825148 1

-0.005084686 0.9441254 -0.3295482 0
0.9999412 0.001649201 -0.01070399 0
-0.009562749 -0.3295833 -0.9440787 0
-0.6362811 1.102141 -3.964603 1

0.9444448 -0.1877192 -0.2697887 0
-0.04819844 -0.8910773 0.4512852 0
-0.3251171 -0.4132103 -0.8506213 0
0.7849892 1.699578 -3.863894 1

0.1721057 -0.2624613 -0.9494712 0
-0.9788259 0.0628698 -0.1948061 0
0.1108218 0.9628937 -0.2460837 0
0.8269508 1.546664 -3.801461 1

0.05329745 0.9404607 -0.3356985 0
0.9985354 -0.05331945 0.009158368 0
-0.009286374 -0.3356948 -0.9419253 0
-0.6329697 1.113437 -3.925929 1

-0.02390302 0.9508421 -0.308753 0
0.9995908 0.01787678 -0.02233299 0
-0.01571579 -0.3091605 -0.9508805 0
-0.6296586 1.124732 -3.887254 1

0.0434131 0.9448035 -0.3247491 0
0.9990444 -0.04269869 0.009329063 0
-0.005052425 -0.3248438 -0.9457545 0
-0.6263473 1.136028 -3.84858 1

0.1125445 -0.2927112 -0.9495551 0
-0.9889182 0.0601223 -0.1357435 0
0.09682279 0.9543094 -0.2827013 0
0.8282565 1.586153 -3.810015 1

0.1926981 -0.2408304 -0.9512462 0
-0.9800552 0.0007529262 -0.1987251 0
0.04857496 0.9705672 -0.2358821 0
0.8295625 1.625641 -3.818569 1

0.1249752 -0.2382155 -0.9631383 0
-0.9915113 0.00511327 -0.1299215 0
0.03587387 0.9711993 -0.2355545 0
0.8308686 1.66513 -3.827123 1

-0.1980624 0.920857 -0.3358485 0
0.9786195 0.2051581 -0.01461008 0
0.05544808 -0.3315616 -0.9418032 0
-0.636898 1.044117 -3.901185 1

-0.1691933 0.9329479 -0.3177765 0
0.9841633 0.1772248 -0.003689937 0
0.05287506 -0.3133682 -0.9481588 0
-0.6359684 1.04415 -3.944361 1

-0.1935351 0.9260462 -0.3240103 0
0.9792976 0.2023122 -0.006722612 0
0.05932557 -0.3186037 -0.9460301 0
-0.6295472 1.066388 -3.824644 1

-0.2114167 0.9310553 -0.2973893 0
0.9762694 0.215765 -0.01853069 0
0.04691292 -0.2942494 -0.9545765 0
-0.6276033 1.042967 -3.860704 1

-0.4127094 0.8134252 -0.4098919 0
0.5234398 -0.1564791 -0.8375707 0
-0.7454398 -0.560227 -0.3611993 0
-0.5660761 1.14537 -3.786772 1

0.9621488 -0.2225889 0.1572399 0
0.07090431 -0.3526444 -0.933068 0
0.2631401 0.9088992 -0.3235141 0
0.8199611 1.607728 -3.740025 1

0.9617205 -0.2454107 0.1219437 0
0.04375507 -0.3017641 -0.9523789 0
0.2705216 0.9212576 -0.2794747 0
0.8163796 1.562785 -3.743142 1

0.9764869 -0.1727857 0.1289172 0
0.07274797 -0.2988181 -0.9515336 0
0.2029338 0.9385381 -0.2792224 0
0.8216569 1.682688 -3.756132 1

0.9727072 -0.1784841 0.1482719 0
0.09133814 -0.2928886 -0.9517751 0
0.2133036 0.9393405 -0.2685926 0
0.8129919 1.646351 -3.736769 1

0.3901488 0.3116529 -0.8664047 0
0.5592583 -0.8277223 -0.04590049 0
-0.7314471 -0.4666353 -0.4972292 0
0.7269782 1.711108 -3.847323 1

-0.5819346 0.750581 -0.3130169 0
0.8046593 0.5871877 -0.08794242 0
0.1177913 -0.3030487 -0.9456671 0
-0.6255762 0.9868454 -3.924842 1

-0.5143142 0.8464323 -0.1379623 0
0.3956497 0.09145951 -0.9138364 0
-0.7608819 -0.5245834 -0.3819301 0
-0.5407263 1.095407 -3.761596 1

-0.2530557 0.2050589 0.945471 0
0.9061213 -0.29219 0.305896 0
0.3389832 0.9341195 -0.111868 0
0.7573072 1.577859 -3.750632 1

-0.4844318 0.6083006 -0.6287269 0
0.4648182 -0.429875 -0.77405 0
-0.741128 -0.6672169 -0.07450399 0
0.7030139 1.691965 -3.794106 1

-0.6045681 0.7306597 -0.3172285 0
0.7868221 0.6098424 -0.09488629 0
0.1241294 -0.3069675 -0.9435908 0
-0.6152825 0.9981314 -3.800762 1

-0.6129085 0.7356542 -0.2883685 0
0.782289 0.616318 -0.09042385 0
0.1112056 -0.2810089 -0.9532406 0
-0.6094229 0.9629033 -3.835131 1

-0.6196644 0.7148672 -0.3240079 0
0.7755043 0.6212375 -0.1124994 0
0.1208635 -0.3209816 -0.9393424 0
-0.6222991 0.9762433 -3.876431 1

-0.278057 0.1872619 0.9421349 0
0.9221131 -0.2226952 0.3164116 0
0.2690603 0.9567342 -0.1107548 0
0.7496821 1.695424 -3.765635 1

-0.2885281 0.1812374 0.9401629 0
0.9168214 -0.2307779 0.3258529 0
0.2760251 0.9559789 -0.09957635 0
0.7293464 1.661699 -3.749519 1

-0.2961525 0.2553779 0.9203681 0
0.8973269 -0.2557664 0.3597072 0
0.3272602 0.9323991 -0.1534119 0
0.749043 1.624134 -3.751615 1

-1.192093E-07 -5.960464E-08 -1 0
-1 0 5.960464E-08 0
5.960464E-08 1 -1.192093E-07 0
0.001732889 1.199163E-08 -4.001733 1

0.01252514 -0.9994415 -0.03098571 0
0.5655979 -0.01847322 0.8244747 0
-0.8245865 -0.0278525 0.5650502 0
1.664739E-08 1.223837 -4 1

0.02376959 0.8517143 -0.5234678 0
0.338736 0.4857806 0.8057764 0
0.9405817 -0.1964699 -0.2769592 0
-0.1245587 1.21963 -3.914645 1

-0.374456 0.9251201 -0.06273955 0
0.6480839 0.3095115 0.695838 0
0.6631522 0.2199006 -0.7154535 0
0.1245589 1.228044 -4.085354 1

0.03317528 -0.9964631 -0.07720639 0
0.217943 -0.06817751 0.9735776 0
-0.9753979 -0.04912559 0.21491 0
-0.001708785 1.352454 -3.996154 1

0.1431047 0.9811934 0.1295435 0
0.1894577 -0.1556289 0.9694774 0
0.9714051 -0.1141933 -0.2081655 0
-0.1378578 0.7430911 -3.621763 1

0.1742008 0.9228271 0.3435773 0
0.8179286 -0.3298866 0.4713483 0
0.548314 0.1989127 -0.8122723 0
0.334069 0.710435 -4.050251 1

0.03274798 -0.9965484 -0.07628384 0
0.2820475 -0.06400843 0.9572631 0
-0.9588417 -0.05286441 0.2789775 0
-0.008899573 1.566939 -3.979763 1

-5.634502E-07 1 -1.15484E-07 0
0.2590911 2.404172E-08 0.9658532 0
0.9658534 8.544123E-07 -0.2590908 0
-0.2179255 0.1941084 -3.694243 1

0.0002695527 1 0.0002089478 0
0.8659645 -0.0003378438 0.5001061 0
0.5001062 4.651079E-05 -0.8659645 0
0.2366029 0.1941086 -4.242485 1

0.9991627 0.03470189 -0.02169622 0
-0.02426978 0.07553678 -0.996848 0
-0.03295322 0.9965393 0.07631531 0
-0.07376582 1.853827 -3.941468 1

0.03274787 -0.9965483 -0.0762842 0
0.2820484 -0.06400875 0.9572628 0
-0.9588414 -0.05286447 0.2789784 0
-0.01845612 1.856884 -3.957666 1

-0.9588417 -0.05286394 0.2789775 0
-0.2820476 0.06400838 -0.9572632 0
0.03274764 -0.9965484 -0.07628369 0
0.03691119 1.859929 -3.973669 1

-0.2590925 -1.413883E-07 -0.9658528 0
-6.416813E-07 1 -2.756715E-07 0
0.965853 8.916651E-07 -0.2590922 0
-0.1530139 0.02322714 -3.452262 1

-0.8659652 3.76248E-07 -0.5001052 0
-2.257898E-05 1 4.002266E-05 0
0.5001051 4.633942E-05 -0.8659651 0
0.4535122 0.02314246 -4.117226 1

0.01261777 -0.9994317 -0.03126112 0
-0.009874549 -0.03138699 0.9994587 0
-0.999872 -0.01230249 -0.0102653 0
-0.02265468 1.984651 -3.947886 1

0.4947133 0.8425696 0.2129225 0
-0.341764 0.4138845 -0.8437404 0
-0.7990353 0.3446398 0.4927137 0
-0.3527096 1.844139 -3.93541 1

-0.6568822 0.722817 0.2145724 0
-0.2614112 0.04860505 -0.9640033 0
-0.7072273 -0.689328 0.1570246 0
0.3045986 1.874687 -4.051554 1

0.241933 0.9415395 -0.2344623 0
-0.3882302 -0.1275223 -0.9126971 0
-0.8892393 0.3118363 0.3346818 0
-0.5405065 1.524293 -4.016237 1

-0.7449935 0.09852067 -0.6597568 0
0.1588699 -0.9343703 -0.3189233 0
-0.6478775 -0.3424114 0.680448 0
0.553956 1.6003 -4.133007 1

-0.3099248 -0.1884713 -0.9318939 0
-0.9501658 0.09607805 0.2965702 0
0.03363967 0.9773679 -0.2088564 0
0.7435386 1.575229 -3.965115 1

-0.03744231 0.9593661 -0.2796705 0
0.9958577 0.01261623 -0.09004855 0
-0.08286151 -0.2818835 -0.9558647 0
-0.6020722 1.284695 -3.956573 1

-0.3680605 0.6872503 -0.6262747 0
0.6114643 -0.3285124 -0.7198548 0
-0.7004594 -0.6478944 -0.2993171 0
-0.5878464 1.188322 -3.824873 1

-0.006412257 0.9433025 -0.3318741 0
0.9999334 0.002844972 -0.0112343 0
-0.009653656 -0.3319236 -0.9432577 0
-0.6354839 1.102356 -3.964091 1

0.9432219 -0.1895481 -0.2727723 0
-0.04942304 -0.8921412 0.4490451 0
-0.3284669 -0.4100675 -0.8508549 0
0.7860972 1.69744 -3.864676 1

0.1689 -0.260398 -0.950614 0
-0.9791608 0.06602873 -0.1920594 0
0.1127798 0.9632421 -0.2438196 0
0.8278088 1.544248 -3.802759 1

0.05197113 0.9396938 -0.338046 0
0.998605 -0.05207615 0.008764446 0
-0.009368715 -0.3380296 -0.9410895 0
-0.6321662 1.113751 -3.925447 1

-0.02522786 0.9500474 -0.3110856 0
0.9995567 0.01904341 -0.02290306 0
-0.01583527 -0.3115251 -0.9501066 0
-0.6288488 1.125146 -3.886802 1

0.04208718 0.9440516 -0.3271023 0
0.999101 -0.04145441 0.008908645 0
-0.005150126 -0.3271828 -0.9449476 0
-0.625531 1.136541 -3.848158 1

0.1092572 -0.2904869 -0.9506212 0
-0.9891053 0.0631513 -0.1329783 0
0.09866152 0.9547933 -0.2804227 0
0.8291988 1.583756 -3.811212 1

0.1895461 -0.2388182 -0.9523859 0
-0.9805682 0.00392596 -0.1961401 0
0.05058092 0.9710565 -0.2334337 0
0.8305891 1.623264 -3.819664 1

0.1217997 -0.2359889 -0.9640926 0
-0.9918319 0.008134155 -0.1272957 0
0.03788251 0.971722 -0.233071 0
0.8319796 1.662771 -3.828117 1

-0.1993648 0.9197827 -0.3380153 0
0.9783605 0.2063174 -0.01563125 0
0.05536054 -0.3338169 -0.9410117 0
-0.6359968 1.044488 -3.90053 1

-0.1705009 0.9319534 -0.3199884 0
0.9839442 0.178418 -0.004645152 0
0.05276209 -0.3156425 -0.9474106 0
-0.6350898 1.044415 -3.943707 1

-0.1948374 0.9250066 -0.3261924 0
0.9790463 0.2034917 -0.00773717 0
0.0592201 -0.3208647 -0.9452723 0
-0.6286331 1.066956 -3.824048 1

-0.212711 0.9300597 -0.2995744 0
0.9759953 0.2169114 -0.01957656 0
0.04677312 -0.2965467 -0.9538724 0
-0.6266794 1.043449 -3.860052 1

-0.4139191 0.8119062 -0.4116806 0
0.5231928 -0.1579057 -0.8374576 0
-0.7449432 -0.5620275 -0.3594236 0
-0.5652388 1.146109 -3.786405 1

0.961953 -0.2256017 0.1541139 0
0.06749854 -0.350351 -0.9341836 0
0.2647474 0.9090432 -0.3217938 0
0.8211457 1.605167 -3.741143 1

0.9613702 -0.2483283 0.1187584 0
0.04043616 -0.2993464 -0.953288 0
0.2722781 0.9212642 -0.2777415 0
0.8174346 1.560243 -3.74437 1

0.9763514 -0.175762 0.1258858 0
0.06943922 -0.2964811 -0.9525111 0
0.2047381 0.9387265 -0.2772652 0
0.823002 1.680166 -3.757056 1

0.972607 -0.1815019 0.145235 0
0.08804442 -0.290601 -0.9527858 0
0.2151377 0.9394726 -0.2666607 0
0.8142895 1.6438 -3.737766 1

0.3887134 0.3129028 -0.8665991 0
0.5568948 -0.8291028 -0.04956883 0
-0.7340103 -0.4633361 -0.4965371 0
0.7281613 1.709083 -3.847921 1

-0.5830166 0.7490946 -0.3145617 0
0.8038948 0.5879518 -0.08981456 0
0.1176671 -0.3052374 -0.9449787 0
-0.6246173 0.9871716 -3.924052 1

-0.5154218 0.8454602 -0.1397797 0
0.3950592 0.08968761 -0.9142678 0
-0.7604398 -0.5264542 -0.3802341 0
-0.5398147 1.096239 -3.761118 1

-0.2500153 0.2032251 0.9466749 0
0.9061283 -0.2954466 0.3027315 0
0.3412143 0.9334954 -0.1102822 0
0.7583836 1.575496 -3.751664 1

-0.4844345 0.6112754 -0.6258328 0
0.4616189 -0.4290668 -0.7764089 0
-0.7431235 -0.6650146 -0.07432114 0
0.7042852 1.689864 -3.794692 1

-0.6056276 0.7291353 -0.3187123 0
0.7860261 0.6105677 -0.09680483 0
0.124011 -0.3091434 -0.942896 0
-0.6142724 0.9987764 -3.800005 1

-0.613959 0.7341909 -0.2898602 0
0.7814876 0.6170484 -0.09235586 0
0.1110504 -0.2832243 -0.9526029 0
-0.6083877 0.9634707 -3.83429 1

-0.6207083 0.7133075 -0.3254446 0
0.774685 0.6219053 -0.1144401 0
0.1207643 -0.3231509 -0.9386113 0
-0.6213018 0.9766929 -3.875616 1

-0.2750736 0.1855046 0.9433572 0
0.9223351 -0.2260232 0.3133899 0
0.271356 0.9562958 -0.1089248 0
0.7510372 1.69312 -3.766335 1

-0.2855645 0.1795134 0.9413977 0
0.9170473 -0.234117 0.322822 0
0.278348 0.9554919 -0.09776692 0
0.7306528 1.659408 -3.750256 1

-0.2930417 0.2537269 0.921819 0
0.8975734 -0.2591426 0.3566626 0
0.3293776 0.9319174 -0.1517994 0
0.7502419 1.621796 -3.752503 1

-1.192093E-07 -5.960464E-08 -1 0
-1 0 5.960464E-08 0
5.960464E-08 1 -1.192093E-07 0
0.001732889 1.199163E-08 -4.001733 1

0.01248222 -0.9994366 -0.03115457 0
0.5661523 -0.01861776 0.8240902 0
-0.824206 -0.02792474 0.565601 0
1.653098E-08 1.223359 -4 1

0.02338391 0.8510735 -0.5245251 0
0.3392348 0.4867842 0.8049601 0
0.9404109 -0.1967603 -0.2773309 0
-0.1245013 1.219141 -3.914562 1

-0.3755428 0.9246396 -0.06331764 0
0.6480734 0.3108257 0.6952611 0
0.6625468 0.2200659 -0.7159629 0
0.1245014 1.227577 -4.085438 1

0.03264397 -0.9965606 -0.07616626 0
0.2185613 -0.06724463 0.9735035 0
-0.9752769 -0.04842607 0.2156145 0
-0.001703357 1.351976 -3.996132 1

0.1435951 0.9809608 0.1307538 0
0.1895867 -0.1569433 0.9692398 0
0.9713069 -0.1143888 -0.2085133 0
-0.1375845 0.7429606 -3.621088 1

0.1751947 0.9224753 0.3440155 0
0.817852 -0.3308898 0.4707765 0
0.5481107 0.1988762 -0.812418 0
0.3346196 0.7102367 -4.050011 1

0.031719 -0.9967508 -0.07403666 0
0.2826207 -0.06210658 0.9572189 0
-0.958707 -0.05128638 0.2797325 0
-0.008779937 1.566482 -3.979964 1

-3.771856E-07 0.9999999 -7.450576E-08 0
0.2590939 3.10889E-07 0.9658521 0
0.965852 4.278664E-07 -0.2590939 0
-0.2179266 0.1941082 -3.694245 1

1.80304E-06 1 -1.370907E-06 0
0.8659322 -7.51102E-07 0.5001612 0
0.5001613 -2.134051E-06 -0.8659323 0
0.2365974 0.1941072 -4.24249 1

0.9991812 0.03366991 -0.02243739 0
-0.02485821 0.0732913 -0.9970008 0
-0.03192423 0.9967421 0.07406828 0
-0.07333904 1.853519 -3.94228 1

0.03171889 -0.9967508 -0.07403702 0
0.2826217 -0.06210691 0.9572187 0
-0.9587067 -0.05128644 0.2797334 0
-0.01803716 1.856485 -3.958522 1

-0.9587072 -0.05128626 0.2797325 0
-0.2826206 0.06210657 -0.9572192 0
0.03171913 -0.996751 -0.07403667 0
0.03732242 1.859439 -3.974569 1

-0.2590952 -9.98205E-07 -0.9658517 0
-5.2806E-07 1 -6.537884E-07 0
0.9658517 4.371795E-07 -0.2590953 0
-0.1530143 0.0232269 -3.452264 1

-0.8659326 -3.07432E-08 -0.5001602 0
1.210719E-06 0.9999999 -1.86637E-06 0
0.5001603 -2.294238E-06 -0.8659329 0
0.4535443 0.02322555 -4.117181 1

0.01284253 -0.9993976 -0.03223892 0
-0.00986058 -0.03236653 0.9994273 0
-0.9998688 -0.01251735 -0.01027028 0
-0.02210381 1.984278 -3.94903 1

0.4949258 0.8424889 0.2127466 0
-0.3414268 0.413694 -0.8439696 0
-0.7990472 0.345065 0.4923964 0
-0.352288 1.844119 -3.936016 1

-0.6567474 0.7231052 0.2140132 0
-0.2616403 0.04767551 -0.9639874 0
-0.7072672 -0.6890903 0.1578825 0
0.3049723 1.873757 -4.052664 1

0.2406859 0.9413106 -0.2366531 0
-0.3889224 -0.129858 -0.9120725 0
-0.8892748 0.3115626 0.3348419 0
-0.5401655 1.524304 -4.016776 1

-0.7471504 0.1037536 -0.6565071 0
0.1544883 -0.9335797 -0.3233604 0
-0.6464512 -0.3430213 0.6814964 0
0.5542786 1.59926 -4.133905 1

-0.3142381 -0.1839387 -0.9313551 0
-0.9486917 0.09720235 0.300891 0
0.03518409 0.9781201 -0.205046 0
0.74441 1.572858 -3.96684 1

-0.0387391 0.9587367 -0.281644 0
0.9957584 0.01350008 -0.09100829 0
-0.08345072 -0.2839752 -0.9551938 0
-0.601414 1.284764 -3.956554 1

-0.3693871 0.6855393 -0.6273671 0
0.6111451 -0.3293614 -0.7197378 0
-0.7000387 -0.6492742 -0.2973026 0
-0.5869611 1.188683 -3.824666 1

-0.007740451 0.9425972 -0.3338427 0
0.999918 0.003898404 -0.01217774 0
-0.01017719 -0.33391 -0.9425505 0
-0.6346359 1.102374 -3.963659 1

0.9416159 -0.1907507 -0.277442 0
-0.04976425 -0.893828 0.4456402 0
-0.332991 -0.405815 -0.8511354 0
0.7876843 1.694557 -3.866085 1

0.1643264 -0.256961 -0.9523496 0
-0.9797804 0.0692021 -0.1877319 0
0.114144 0.9639423 -0.2403937 0
0.829274 1.541014 -3.804961 1

0.05064091 0.9390385 -0.3400618 0
0.9986679 -0.05098207 0.007937159 0
-0.0098837 -0.340011 -0.94037 0
-0.6312943 1.113853 -3.925042 1

-0.02654396 0.9493653 -0.3130509 0
0.9995131 0.02007201 -0.02387998 0
-0.01638724 -0.3135325 -0.9494365 0
-0.627953 1.125333 -3.886425 1

0.04076254 0.9434087 -0.329118 0
0.9991525 -0.04035955 0.008058779 0
-0.0056803 -0.3291677 -0.9442546 0
-0.6246113 1.136812 -3.847807 1

0.1046102 -0.2869033 -0.9522313 0
-0.9894879 0.06610981 -0.1286219 0
0.09985371 0.9556761 -0.2769718 0
0.8307264 1.580552 -3.813259 1

0.1850183 -0.2354247 -0.95412 0
-0.9813579 0.007119978 -0.1920573 0
0.05200812 0.9718668 -0.2297186 0
0.8321791 1.62009 -3.821558 1

0.1172311 -0.2323822 -0.9655344 0
-0.9923264 0.01107697 -0.1231502 0
0.03931294 0.972562 -0.2293006 0
0.8336321 1.659628 -3.829857 1

-0.200673 0.9188569 -0.339754 0
0.9781216 0.2073378 -0.01698061 0
0.05484115 -0.3357285 -0.9403616 0
-0.6350267 1.044639 -3.899977 1

-0.1718056 0.9310963 -0.3217797 0
0.9837458 0.1794675 -0.005941274 0
0.05221707 -0.3175703 -0.9467959 0
-0.6341601 1.044476 -3.943154 1

-0.1961402 0.9241105 -0.3279462 0
0.9788179 0.2045294 -0.009081147 0
0.05868265 -0.3227811 -0.9446529 0
-0.6276159 1.067276 -3.823549 1

-0.2139944 0.9292 -0.301322 0
0.9757414 0.2179209 -0.02094584 0
0.04620141 -0.2984945 -0.9532923 0
-0.6256704 1.043694 -3.859505 1

-0.4151795 0.8105954 -0.4129913 0
0.5225792 -0.1590965 -0.8376151 0
-0.7446716 -0.563581 -0.3575469 0
-0.5642719 1.146575 -3.786131 1

0.962023 -0.2285777 0.1492138 0
0.0627723 -0.3467311 -0.9358625 0
0.2656539 0.9096875 -0.3192151 0
0.823016 1.601699 -3.743073 1

0.9612378 -0.2511595 0.1137698 0
0.03575723 -0.2955836 -0.9546484 0
0.2733967 0.9217117 -0.2751454 0
0.8191807 1.556797 -3.746465 1

0.9764272 -0.1786595 0.1211277 0
0.06477003 -0.2927924 -0.9539803 0
0.2059025 0.9393371 -0.2743188 0
0.8249912 1.676756 -3.75869 1

0.9727488 -0.1844684 0.1404691 0
0.08338863 -0.286957 -0.9543085 0
0.2163479 0.940015 -0.2637545 0
0.816269 1.640334 -3.739511 1

0.385897 0.3154555 -0.8669325 0
0.5546403 -0.8302562 -0.05522364 0
-0.737196 -0.4595245 -0.4953577 0
0.7298472 1.706273 -3.849044 1

-0.5841179 0.7478051 -0.3155831 0
0.803175 0.5886278 -0.09179933 0
0.117113 -0.3070902 -0.944447 0
-0.6236075 0.9872856 -3.923389 1

-0.5164641 0.8446097 -0.1410665 0
0.3941072 0.08819696 -0.9148232 0
-0.7602259 -0.5280684 -0.3784175 0
-0.5387704 1.096786 -3.760764 1

-0.245598 0.2000031 0.9485158 0
0.9066409 -0.2988865 0.2977787 0
0.3430547 0.9330962 -0.1079253 0
0.7601378 1.572224 -3.753453 1

-0.4855098 0.6149876 -0.6213467 0
0.4573464 -0.4270494 -0.7800416 0
-0.7450606 -0.6628873 -0.07392555 0
0.706144 1.686897 -3.795794 1

-0.6067116 0.7278128 -0.3196705 0
0.7852755 0.6112095 -0.09882025 0
0.1234629 -0.310985 -0.942362 0
-0.6131591 0.9991614 -3.799376 1

-0.6150212 0.7329201 -0.2908214 0
0.7807342 0.6176949 -0.09438069 0
0.1104653 -0.2851003 -0.9521111 0
-0.6072685 0.9637902 -3.833593 1

-0.6217814 0.7119547 -0.3263557 0
0.7739058 0.6224981 -0.1164686 0
0.1202355 -0.324987 -0.938045 0
-0.6202354 0.9769119 -3.874934 1

-0.2707133 0.1823575 0.9452306 0
0.923063 -0.2295468 0.3086498 0
0.2732589 0.9560618 -0.1061863 0
0.7530207 1.689925 -3.767618 1

-0.2812284 0.1764002 0.9432899 0
0.9177936 -0.2376655 0.3180723 0
0.280295 0.9551957 -0.09506071 0
0.7326199 1.656198 -3.75159 1

-0.2886022 0.2507102 0.9240428 0
0.8983989 -0.2627803 0.3518905 0
0.3310425 0.9317152 -0.1493991 0
0.752107 1.618547 -3.754071 1

-1.192093E-07 -5.960464E-08 -1 0
-1 0 5.960464E-08 0
5.960464E-08 1 -1.192093E-07 0
0.001732889 1.199163E-08 -4.001733 1

0.01241263 -0.9994291 -0.03142631 0
0.5670457 -0.01885099 0.8234709 0
-0.8235931 -0.02804193 0.5664877 0
1.653098E-08 1.22259 -4 1

0.02275415 0.8500368 -0.5262319 0
0.340036 0.488406 0.8036389 0
0.9401374 -0.1972236 -0.2779297 0
-0.1244087 1.218354 -3.914428 1

-0.3772926 0.9238629 -0.0642454 0
0.6480542 0.3129398 0.6943306 0
0.6615711 0.2203316 -0.7167831 0
0.1244088 1.226826 -4.085572 1

0.03197103 -0.996673 -0.07497257 0
0.2195741 -0.06617485 0.9733491 0
-0.9750721 -0.04758127 0.2167277 0
-0.001694556 1.351206 -3.996097 1

0.1443824 0.9805863 0.1326834 0
0.1897968 -0.1590422 0.968857 0
0.9711497 -0.1147027 -0.2090748 0
-0.1371396 0.742754 -3.619999 1

0.1767898 0.9219104 0.3447127 0
0.8177426 -0.3324914 0.4698376 0
0.5477619 0.198824 -0.8126662 0
0.335506 0.70992 -4.049626 1

0.03044372 -0.996985 -0.07137431 0
0.283577 -0.05985843 0.9570796 0
-0.9584663 -0.04937746 0.2808995 0
-0.008626532 1.565736 -3.980186 1

-2.207234E-07 1 3.948808E-07 0
0.2590997 -5.124002E-07 0.9658508 0
0.9658509 5.992293E-07 -0.2590996 0
-0.2179222 0.1941111 -3.694236 1

1.939945E-06 1 -1.15484E-06 0
0.8659314 -8.62395E-07 0.5001631 0
0.500163 -1.720544E-06 -0.8659313 0
0.2365913 0.1941065 -4.242495 1

0.9991963 0.03240795 -0.02360116 0
-0.02584419 0.07062571 -0.9971684 0
-0.03064893 0.9969765 0.07140619 0
-0.07280072 1.852951 -3.943209 1

0.03044344 -0.996985 -0.07137462 0
0.2835779 -0.05985876 0.9570794 0
-0.9584661 -0.04937733 0.2809004 0
-0.01751283 1.855807 -3.959518 1

-0.9584664 -0.04937735 0.2808996 0
-0.2835771 0.05985842 -0.9570799 0
0.03044386 -0.9969851 -0.07137431 0
0.03783296 1.858651 -3.975632 1

-0.2591011 6.722805E-08 -0.9658505 0
-3.268942E-07 1 2.980232E-08 0
0.9658505 6.21581E-07 -0.2591009 0
-0.1530084 0.02322964 -3.452255 1

-0.865932 -2.770781E-07 -0.5001622 0
9.583307E-07 1 -1.92225E-06 0
0.500162 -1.862105E-06 -0.865932 0
0.453538 0.02322483 -4.117186 1

0.01320312 -0.9993411 -0.03381311 0
-0.009835753 -0.0339445 0.9993754 0
-0.9998648 -0.0128625 -0.01027762 0
-0.02141595 1.98363 -3.950367 1

0.4952327 0.8423846 0.2124461 0
-0.3413473 0.4135481 -0.8440737 0
-0.7988914 0.3454946 0.4923482 0
-0.351754 1.843904 -3.93662 1

-0.6567709 0.7231545 0.2137746 0
-0.2623438 0.04666537 -0.963846 0
-0.7069852 -0.6891079 0.1590666 0
0.3054156 1.872436 -4.054053 1

0.2394826 0.941128 -0.238593 0
-0.3899812 -0.1318054 -0.9113411 0
-0.8891361 0.3112966 0.3354569 0
-0.539748 1.524129 -4.017266 1

-0.7500125 0.109932 -0.6522248 0
0.1495429 -0.9323735 -0.3291146 0
-0.6442969 -0.3443756 0.6828525 0
0.5547308 1.597921 -4.135204 1

-0.319719 -0.1783504 -0.9305765 0
-0.94682 0.09767622 0.3065798 0
0.03621653 0.9791073 -0.200095 0
0.7455906 1.569946 -3.969229 1

-0.04000851 0.9582106 -0.2832524 0
0.9956248 0.01427354 -0.09234406 0
-0.08444233 -0.2857076 -0.9545901 0
-0.6006901 1.284635 -3.95655 1

-0.3708552 0.6841059 -0.6280661 0
0.6105056 -0.3300363 -0.7199716 0
-0.6998211 -0.6504427 -0.2952552 0
-0.5859735 1.188796 -3.824515 1

-0.009063582 0.9420099 -0.3354641 0
0.9998973 0.004812344 -0.01350238 0
-0.01110546 -0.3355517 -0.9419571 0
-0.6337504 1.102201 -3.963296 1

0.9396663 -0.1913317 -0.2835844 0
-0.04929862 -0.8960515 0.4412049 0
-0.3385226 -0.4006044 -0.851422 0
0.7896817 1.691019 -3.868074 1

0.1585622 -0.2522997 -0.9545705 0
-0.9806359 0.07231636 -0.1820061 0
0.1149509 0.9649445 -0.2359478 0
0.8312663 1.537066 -3.807985 1

0.04931286 0.9384951 -0.3417539 0
0.9987252 -0.05003434 0.00670907 0
-0.01080336 -0.3416488 -0.9397662 0
-0.6303686 1.113751 -3.924703 1

-0.02784608 0.9487966 -0.3146591 0
0.9994619 0.02096525 -0.02523206 0
-0.01734368 -0.3151922 -0.94887 0
-0.6269874 1.1253 -3.88611 1

0.03944515 0.942875 -0.3308046 0
0.9992 -0.03941151 0.006811784 0
-0.006615232 -0.3308083 -0.9436753 0
-0.6236057 1.13685 -3.847517 1

0.09878177 -0.2821127 -0.9542828 0
-0.9900274 0.06893408 -0.1228611 0
0.1004431 0.9569021 -0.2724902 0
0.8327603 1.576644 -3.816084 1

0.1792914 -0.2307995 -0.9563407 0
-0.9823734 0.01026144 -0.1866489 0
0.05289176 0.9729475 -0.2248918 0
0.8342547 1.616222 -3.824183 1

0.1114496 -0.2275497 -0.9673681 0
-0.9929569 0.01387953 -0.1176629 0
0.04020066 0.9736679 -0.2244007 0
0.8357494 1.6558 -3.832282 1

-0.2019816 0.9180788 -0.3410798 0
0.977904 0.2082226 -0.01862871 0
0.05391745 -0.3373057 -0.9398507 0
-0.6340033 1.044577 -3.899513 1

-0.1731019 0.9303765 -0.3231648 0
0.9835688 0.1803768 -0.007548632 0
0.05126784 -0.3191611 -0.946313 0
-0.6331935 1.04434 -3.942691 1

-0.1974378 0.9233572 -0.3292871 0
0.9786134 0.2054283 -0.01072541 0
0.05774121 -0.3243621 -0.9441696 0
-0.6265131 1.067353 -3.823134 1

-0.215262 0.9284762 -0.3026483 0
0.9755085 0.2187966 -0.02260922 0
0.0452258 -0.3001024 -0.9528345 0
-0.6245928 1.043711 -3.859052 1

-0.4164824 0.80949 -0.4138473 0
0.5216254 -0.1600591 -0.8380265 0
-0.7446133 -0.564896 -0.3555892 0
-0.5631943 1.146776 -3.785938 1

0.9623178 -0.231448 0.1427492 0
0.05690233 -0.3419349 -0.938 0
0.2659088 0.9107767 -0.3158804 0
0.8254794 1.597438 -3.745746 1

0.9612896 -0.2538411 0.1071919 0
0.02989757 -0.2906306 -0.9563692 0
0.2739184 0.9225516 -0.2717911 0
0.8215269 1.552563 -3.749353 1

0.9766784 -0.181414 0.1148473 0
0.05891964 -0.287906 -0.9558449 0
0.2064686 0.9403189 -0.2705029 0
0.8275346 1.672572 -3.76098 1

0.9730928 -0.1873166 0.1341778 0
0.07754915 -0.2821093 -0.9562443 0
0.2169729 0.9409185 -0.2599925 0
0.8188372 1.636069 -3.741945 1

0.3818542 0.3191764 -0.8673607 0
0.5525028 -0.8311561 -0.06261547 0
-0.7408976 -0.4553084 -0.4937265 0
0.7319641 1.702771 -3.850655 1

-0.585234 0.7467107 -0.3161075 0
0.8025015 0.5892187 -0.093877 0
0.116157 -0.3086163 -0.9440676 0
-0.6225612 0.9871936 -3.922841 1

-0.5174408 0.8438807 -0.1418484 0
0.3928198 0.08698014 -0.9154934 0
-0.7602285 -0.5294339 -0.3765005 0
-0.5376127 1.097055 -3.760518 1

-0.2399786 0.1955395 0.950882 0
0.9075928 -0.3024176 0.2912433 0
0.3445125 0.9329045 -0.1048968 0
0.762481 1.568155 -3.755938 1

-0.4875384 0.619303 -0.6154444 0
0.4521429 -0.4239291 -0.7847626 0
-0.74691 -0.6608694 -0.07333161 0
0.7085093 1.683166 -3.797379 1

-0.6078138 0.7266905 -0.3201305 0
0.7845719 0.6117711 -0.1009133 0
0.1225134 -0.3125016 -0.9419844 0
-0.6119606 0.999294 -3.798863 1

-0.6160907 0.7318397 -0.2912792 0
0.7800301 0.6182601 -0.09647908 0
0.1094786 -0.286646 -0.951761 0
-0.6060819 0.9638691 -3.833026 1

-0.6228778 0.7108066 -0.3267682 0
0.7731681 0.623019 -0.1185662 0
0.1193046 -0.3264991 -0.9376388 0
-0.6191156 0.9769071 -3.874373 1

-0.26515 0.1779661 0.9476414 0
0.9242265 -0.233172 0.3023882 0
0.274778 0.9560121 -0.1026557 0
0.7555458 1.685944 -3.769445 1

-0.2756888 0.1720419 0.9457269 0
0.9189905 -0.2413285 0.311797 0
0.2818727 0.955072 -0.09157339 0
0.7351584 1.652177 -3.753483 1

-0.283004 0.246468 0.9269109 0
0.8997255 -0.266579 0.3455882 0
0.3322712 0.9317679 -0.146311 0
0.7545488 1.614497 -3.756268 1

-1.192093E-07 -5.960464E-08 -1 0
-1 0 5.960464E-08 0
5.960464E-08 1 -1.192093E-07 0
0.001732889 1.199163E-08 -4.001733 1

0.01231861 -0.9994186 -0.03179276 0
0.5682496 -0.01916493 0.8226332 0
-0.8227642 -0.02820012 0.5676829 0
1.641456E-08 1.221552 -4 1

0.02191262 0.8486564 -0.5284907 0
0.341117 0.4905492 0.8018733 0
0.9397656 -0.1978481 -0.2787417 0
-0.1242835 1.217292 -3.914248 1

-0.3796505 0.9228092 -0.06548861 0
0.6480204 0.3157853 0.6930725 0
0.6602541 0.2206876 -0.7178872 0
0.1242836 1.225812 -4.085752 1

0.03117695 -0.9967965 -0.07365245 0
0.2209498 -0.06499226 0.9731174 0
-0.9747869 -0.04661248 0.2182155 0
-0.001682662 1.350167 -3.99605 1

0.145454 0.9800732 0.1352787 0
0.1900749 -0.1618676 0.9683343 0
0.9709352 -0.1151348 -0.2098313 0
-0.1365435 0.7424646 -3.618555 1

0.178925 0.9211531 0.345635 0
0.8175937 -0.3346291 0.4685773 0
0.5472907 0.1987489 -0.813002 0
0.3367001 0.7094955 -4.049111 1

0.02896084 -0.9972404 -0.06835882 0
0.2848874 -0.05731656 0.956846 0
-0.9581235 -0.0471858 0.2824412 0
-0.008444048 1.564723 -3.980423 1

-6.407498E-07 1 7.562339E-07 0
0.259107 -5.422027E-07 0.9658486 0
0.9658488 1.03695E-06 -0.259107 0
-0.2179257 0.1941086 -3.694243 1

1.312233E-06 1 -8.493663E-07 0
0.8659295 -7.306126E-07 0.5001664 0
0.5001664 -1.239981E-06 -0.8659295 0
0.2365907 0.1941056 -4.242496 1

0.9992048 0.03094892 -0.02515147 0
-0.02719862 0.06760321 -0.9973418 0
-0.02916601 0.9972323 0.06839102 0
-0.07216702 1.852139 -3.944234 1

0.02896073 -0.9972404 -0.06835917 0
0.2848884 -0.05731689 0.9568457 0
-0.9581232 -0.04718586 0.2824421 0
-0.01689904 1.854868 -3.960632 1

-0.9581237 -0.04718568 0.2824411 0
-0.2848874 0.05731655 -0.9568462 0
0.02896097 -0.9972405 -0.06835882 0
0.0384271 1.857586 -3.976835 1

-0.2591085 3.67114E-07 -0.9658483 0
-6.956979E-07 1 5.811453E-07 0
0.9658484 1.044401E-06 -0.2591083 0
-0.1530101 0.02322726 -3.452264 1

-0.86593 -2.030382E-07 -0.5001654 0
7.012857E-07 1 -1.363456E-06 0
0.5001655 -1.366641E-06 -0.8659301 0
0.453537 0.02322412 -4.117186 1

0.01368699 -0.9992602 -0.03593755 0
-0.009801868 -0.03607344 0.9993012 0
-0.9998584 -0.01332531 -0.01028846 0
-0.02061206 1.982724 -3.951868 1

0.4956231 0.8422594 0.2120309 0
-0.3415145 0.4134456 -0.8440562 0
-0.7985777 0.3459218 0.492557 0
-0.3511226 1.843499 -3.937212 1

-0.6569334 0.7229849 0.2138498 0
-0.2634943 0.04559449 -0.9635834 0
-0.7064062 -0.6893577 0.1605497 0
0.305914 1.870759 -4.055687 1

0.2383273 0.9409922 -0.2402798 0
-0.3913748 -0.1333732 -0.910515 0
-0.8888342 0.3110397 0.336494 0
-0.5392648 1.523771 -4.017701 1

-0.753461 0.1168641 -0.6470237 0
0.1441403 -0.930779 -0.3359674 0
-0.6414983 -0.3464004 0.6844613 0
0.5552911 1.596308 -4.136866 1

-0.3261849 -0.1718795 -0.9295495 0
-0.9445906 0.09751415 0.3134322 0
0.03677144 0.9802801 -0.1941636 0
0.7470284 1.566569 -3.972214 1

-0.0412435 0.9577881 -0.2845019 0
0.995458 0.01493734 -0.09402272 0
-0.08580437 -0.2870876 -0.9540545 0
-0.5999129 1.284312 -3.956556 1

-0.3724458 0.6829463 -0.6283868 0
0.6095684 -0.3305415 -0.7205338 0
-0.6997933 -0.6514039 -0.293194 0
-0.5849001 1.188667 -3.824414 1

-0.01037259 0.9415399 -0.3367427 0
0.9998694 0.005587991 -0.0151754 0
-0.01240674 -0.3368561 -0.941475 0
-0.6328391 1.101843 -3.962996 1

0.9374094 -0.1912985 -0.2909801 0
-0.04810499 -0.8987222 0.4358722 0
-0.3448915 -0.3945926 -0.8516731 0
0.7920167 1.686919 -3.870593 1

0.1517854 -0.2465717 -0.9571655 0
-0.9816736 0.07529912 -0.1750698 0
0.1152407 0.9661962 -0.2306239 0
0.8337016 1.532513 -3.81175 1

0.04799607 0.938063 -0.343125 0
0.9987745 -0.04923175 0.005113414 0
-0.01209629 -0.3429499 -0.9392765 0
-0.6294024 1.113449 -3.924424 1

-0.02912583 0.9483404 -0.3159159 0
0.9994016 0.02172437 -0.02692658 0
-0.01867275 -0.316511 -0.9484058 0
-0.6259661 1.125054 -3.885853 1

0.03814311 0.9424499 -0.3321653 0
0.9992409 -0.03860836 0.005200709 0
-0.007923231 -0.3321115 -0.9432075 0
-0.6225292 1.136659 -3.847282 1

0.0919512 -0.2762738 -0.9566708 0
-0.9906816 0.07156157 -0.1158865 0
0.100477 0.9584116 -0.2671195 0
0.8352181 1.572138 -3.819609 1

0.1725436 -0.2250996 -0.9589372 0
-0.9835606 0.01327812 -0.1800915 0
0.05327115 0.9742456 -0.2191082 0
0.8367348 1.611764 -3.827469 1

0.1046369 -0.2216533 -0.9694958 0
-0.9936826 0.01648089 -0.1110156 0
0.04058504 0.9749867 -0.2185288 0
0.8382517 1.651389 -3.835328 1

-0.2032805 0.917448 -0.3420039 0
0.9777054 0.2089734 -0.02054467 0
0.05262079 -0.3385555 -0.9394749 0
-0.6329401 1.044306 -3.899133 1

-0.1743809 0.9297934 -0.324154 0
0.9834109 0.1811473 -0.009435746 0
0.04994608 -0.320422 -0.9459577 0
-0.6322018 1.044011 -3.942312 1

-0.1987211 0.9227464 -0.3302262 0
0.9784302 0.2061904 -0.01263848 0
0.05642707 -0.3256149 -0.9438178 0
-0.6253406 1.067193 -3.822798 1

-0.2165056 0.9278875 -0.3035648 0
0.9752949 0.2195405 -0.02453574 0
0.04387798 -0.301377 -0.9524952 0
-0.6234613 1.043504 -3.858687 1

-0.417816 0.8085887 -0.4142646 0
0.5203561 -0.1607974 -0.8386739 0
-0.7447543 -0.5659763 -0.3535708 0
-0.5620233 1.146718 -3.785816 1

0.9627928 -0.2341455 0.1349339 0
0.05006548 -0.3361191 -0.9404886 0
0.2655647 0.9122508 -0.3118905 0
0.8284406 1.592502 -3.749095 1

0.9614874 -0.2563119 0.09924391 0
0.02303852 -0.2846494 -0.9583558 0
0.273887 0.9237327 -0.2677818 0
0.8243784 1.547658 -3.752959 1

0.9770649 -0.1839637 0.1072533 0
0.05206855 -0.2819824 -0.958006 0
0.2064814 0.9416177 -0.2659366 0
0.8305392 1.667727 -3.763869 1

0.9735954 -0.1899813 0.1265695 0
0.07070622 -0.2762183 -0.9584919 0
0.2170559 0.9421313 -0.2554922 0
0.8218974 1.63112 -3.745007 1

0.3767407 0.3239245 -0.8678364 0
0.5504864 -0.8317779 -0.07149155 0
-0.7450047 -0.4507978 -0.4916806 0
0.7344379 1.698669 -3.85272 1

-0.5863543 0.7458102 -0.3161575 0
0.8018745 0.5897264 -0.09602395 0
0.1148304 -0.3098226 -0.943835 0
-0.621491 0.9869002 -3.922401 1

-0.5183486 0.8432735 -0.1421455 0
0.391225 0.08603241 -0.9162657 0
-0.7604324 -0.5305554 -0.3745048 0
-0.5363598 1.097052 -3.760371 1

-0.2333326 0.1899884 0.9536574 0
0.9089117 -0.3059475 0.283336 0
0.3455992 0.9329005 -0.1012954 0
0.7653202 1.563402 -3.759055 1

-0.4903977 0.6240836 -0.608302 0
0.4461495 -0.4198172 -0.7903835 0
-0.7486401 -0.6589944 -0.07255717 0
0.7112972 1.678773 -3.799415 1

-0.6089246 0.7257665 -0.3201155 0
0.7839154 0.6122547 -0.1030612 0
0.1211935 -0.3136999 -0.9417568 0
-0.6106936 0.9991794 -3.798458 1

-0.6171579 0.7309485 -0.2912574 0
0.7793754 0.6187466 -0.09862862 0
0.1081218 -0.2878681 -0.9515472 0
-0.6048433 0.9637126 -3.832582 1

-0.6239872 0.7098613 -0.3267063 0
0.7724731 0.6234691 -0.1207108 0
0.1180031 -0.327694 -0.9373866 0
-0.6179563 0.9766831 -3.873925 1

-0.2585586 0.172483 0.9504725 0
0.9257509 -0.2368048 0.2948069 0
0.2759252 0.9561241 -0.09844843 0
0.7585219 1.681286 -3.771774 1

-0.2691211 0.1665907 0.9485902 0
0.9205616 -0.2450108 0.3041984 0
0.283091 0.9551009 -0.08741941 0
0.7381754 1.647457 -3.755891 1

-0.2764175 0.2411476 0.9302919 0
0.9014712 -0.2704377 0.3379568 0
0.333083 0.9320481 -0.1426342 0
0.757475 1.60976 -3.759041 1

-1.192093E-07 -5.960464E-08 -1 0
-1 0 5.960464E-08 0
5.960464E-08 1 -1.192093E-07 0
0.001732889 1.199163E-08 -4.001733 1

0.01220116 -0.9994055 -0.03224593 0
0.5697376 -0.01955326 0.8215942 0
-0.8217362 -0.02839622 0.5691602 0
1.641456E-08 1.220268 -4 1

0.02086102 0.8469481 -0.531266 0
0.3424493 0.4931848 0.7996858 0
0.9393047 -0.1986138 -0.2797484 0
-0.1241282 1.215978 -3.914025 1

-0.3825699 0.9214925 -0.06702046 0
0.6479642 0.3193047 0.6915107 0
0.6586219 0.2211244 -0.7192506 0
0.1241283 1.224557 -4.085975 1

0.03028017 -0.996928 -0.07223403 0
0.2226592 -0.06372375 0.9728116 0
-0.9744261 -0.04554056 0.2200455 0
-0.001667803 1.348881 -3.995991 1

0.1467808 0.9794324 0.1384484 0
0.1904177 -0.165324 0.9676826 0
0.9706681 -0.1156741 -0.2107675 0
-0.1357999 0.7421063 -3.616779 1

0.1815451 0.9202213 0.3467487 0
0.8174168 -0.3372383 0.4670126 0
0.5466915 0.1986544 -0.8134279 0
0.3381782 0.7089775 -4.048477 1

0.027306 -0.997508 -0.06505467 0
0.2865256 -0.05453812 0.9565191 0
-0.9576835 -0.04475862 0.2843223 0
-0.00823657 1.563465 -3.98067 1

-1.44355E-07 1 -2.346933E-07 0
0.2591166 4.449991E-07 0.965846 0
0.9658461 2.565017E-07 -0.2591164 0
-0.2179244 0.1941091 -3.694241 1

0.0002673688 1 0.0002097152 0
0.8659595 -0.000336349 0.5001143 0
0.5001141 4.793385E-05 -0.8659596 0
0.2366029 0.1941091 -4.242485 1

0.9992039 0.02932361 -0.02705365 0
-0.02889487 0.06429124 -0.9975131 0
-0.02751113 0.9975004 0.06508726 0
-0.07145268 1.851099 -3.945333 1

0.02730571 -0.997508 -0.06505498 0
0.2865265 -0.05453845 0.9565189 0
-0.9576832 -0.04475849 0.2843232 0
-0.01621027 1.853688 -3.96184 1

-0.9576836 -0.0447585 0.2843221 0
-0.2865256 0.0545381 -0.9565194 0
0.02730613 -0.9975082 -0.06505468 0
0.03909064 1.856266 -3.978152 1

-0.2591179 -1.005655E-06 -0.9658458 0
-3.632159E-07 1 -8.046627E-07 0
0.9658457 2.80716E-07 -0.2591178 0
-0.1530064 0.02322774 -3.452262 1

-0.8659601 -2.934342E-08 -0.5001133 0
-2.379715E-05 1 4.141778E-05 0
0.5001131 4.778856E-05 -0.8659602 0
0.4535113 0.02314341 -4.117224 1

0.01428124 -0.999154 -0.03856697 0
-0.009759544 -0.03870842 0.9992029 0
-0.9998506 -0.01389352 -0.0103042 0
-0.0197111 1.981578 -3.9535 1

0.4960897 0.8421159 0.2115097 0
-0.3419205 0.4133878 -0.8439201 0
-0.7981141 0.3463404 0.4930141 0
-0.350408 1.842913 -3.937781 1

-0.6572142 0.7226151 0.2142366 0
-0.2650661 0.04448907 -0.9632038 0
-0.7055564 -0.6898174 0.1623017 0
0.3064547 1.868761 -4.057528 1

0.2372255 0.9409036 -0.2417128 0
-0.3930754 -0.1345684 -0.9096062 0
-0.8883784 0.3107929 0.3379229 0
-0.5387273 1.523239 -4.018071 1

-0.7573829 0.1243661 -0.6410182 0
0.1383843 -0.9288238 -0.3437093 0
-0.6381386 -0.3490263 0.6862653 0
0.5559382 1.594451 -4.138855 1

-0.3334582 -0.1646948 -0.9282686 0
-0.9420431 0.09673063 0.3212447 0
0.03688437 0.9815903 -0.1874055 0
0.7486736 1.562803 -3.975731 1

-0.04243672 0.9574679 -0.285403 0
0.9952596 0.01549281 -0.09601098 0
-0.08750593 -0.2881247 -0.9535871 0
-0.5990951 1.283803 -3.956561 1

-0.3741389 0.6820557 -0.6283482 0
0.6083564 -0.3308828 -0.7214009 0
-0.6999447 -0.6521636 -0.2911373 0
-0.5837576 1.188303 -3.824352 1

-0.01165874 0.9411863 -0.3376882 0
0.9998335 0.006227442 -0.01716311 0
-0.01405083 -0.3378321 -0.9411024 0
-0.6319141 1.101306 -3.962749 1

0.9348804 -0.1906631 -0.2994113 0
-0.04626494 -0.9017518 0.4297715 0
-0.351936 -0.3879323 -0.8518511 0
0.7946202 1.68235 -3.873592 1

0.1441695 -0.2399303 -0.9600263 0
-0.9828429 0.07808053 -0.1671102 0
0.1150538 0.9676464 -0.224557 0
0.836499 1.52746 -3.816174 1

0.04669942 0.9377409 -0.3441826 0
0.9988146 -0.04857207 0.003184277 0
-0.01373192 -0.3439233 -0.938898 0
-0.6284086 1.112953 -3.924196 1

-0.03037512 0.9479958 -0.3168313 0
0.9993317 0.02235144 -0.02892987 0
-0.02034385 -0.3174982 -0.9480413 0
-0.6249033 1.1246 -3.885644 1

0.03686501 0.9421327 -0.333208 0
0.9992745 -0.03794798 0.003259496 0
-0.009573875 -0.3330864 -0.9428482 0
-0.6213977 1.136248 -3.847091 1

0.08429293 -0.2695421 -0.9592931 0
-0.9914105 0.07393225 -0.1078888 0
0.100003 0.960147 -0.2609951 0
0.8380197 1.567139 -3.82376 1

0.1649482 -0.2184782 -0.9618008 0
-0.9848673 0.01610021 -0.1725617 0
0.05318587 0.9757092 -0.2125166 0
0.8395412 1.606817 -3.831347 1

0.09696958 -0.2148506 -0.9718215 0
-0.9944632 0.01882275 -0.1033903 0
0.04050565 0.9764659 -0.211836 0
0.8410625 1.646495 -3.838933 1

-0.2045608 0.9169626 -0.3425423 0
0.9775253 0.2095928 -0.0226972 0
0.05098172 -0.3394869 -0.939229 0
-0.6318504 1.043834 -3.898827 1

-0.1756342 0.929345 -0.3247625 0
0.9832708 0.181782 -0.01157115 0
0.0482822 -0.3213618 -0.9457251 0
-0.6311976 1.043495 -3.942007 1

-0.1999821 0.9222759 -0.3307791 0
0.9782673 0.2068188 -0.01478982 0
0.05477086 -0.3265482 -0.943593 0
-0.624115 1.066805 -3.822531 1

-0.2177168 0.9274328 -0.3040878 0
0.9750999 0.2201543 -0.02669448 0
0.0421887 -0.3023275 -0.9522702 0
-0.6222914 1.04308 -3.858399 1

-0.4191674 0.8078886 -0.4142658 0
0.5187989 -0.1613188 -0.8395382 0
-0.7450812 -0.5668273 -0.3515124 0
-0.5607768 1.14641 -3.785757 1

0.9634044 -0.2366052 0.1259805 0
0.0424342 -0.3294366 -0.9432244 0
