MeshAnim
1
30
70
30
1 0 0 0
0 -1.192093E-07 -1 0
0 1 -1.192093E-07 0
1.57 0 0 1

-1.192093E-07 -0.9999851 -0.005497243 0
0 0.005497243 -0.999985 0
1 -1.192093E-07 1.421085E-14 0
1.57 0.2717067 -0.02319967 1

-1.182293E-07 -0.9910609 -0.1334119 0
1.525423E-08 0.1334119 -0.9910607 0
1 -1.192093E-07 1.419687E-14 0
1.57 0.3859746 -0.01267859 1

-0.0739646 -0.9971687 0.01357991 0
-0.03772042 -0.01081009 -0.99923 0
0.9965474 -0.07441989 -0.03681405 0
1.461931 0.2495558 -0.03206635 1

0.1585127 0.01716897 0.9872078 0
1.191781E-07 0.9998491 -0.01738882 0
-0.9873571 0.002756463 0.1584887 0
1.57 0.2944598 -0.1836542 1

0.6051024 0.1726086 -0.7772114 0
0.1071857 -0.9849897 -0.1353033 0
-0.7888995 -0.001433583 -0.6145207 0
1.125909 0.512729 0.3091365 1

0.2234009 -0.4649656 0.8566793 0
0.1597613 0.8844728 0.4383887 0
-0.961545 0.0389278 0.2718755 0
2.001889 0.4723344 0.362629 1

-0.07396281 0.9971688 -0.01358017 0
-0.03774695 0.01080844 0.999229 0
0.9965465 0.0744184 0.03684065 0
1.678069 0.249556 -0.03206633 1

-1.184981E-07 -0.9946187 0.1036062 0
-1.300243E-08 -0.1036062 -0.9946185 0
1 -1.192093E-07 1.420395E-14 0
1.57 0.5063077 -0.0170893 1

-0.07863103 -0.980093 -0.1823057 0
-0.07192077 0.1879725 -0.9795377 0
0.9943062 -0.06391048 -0.08526948 0
1.455229 0.1457955 -0.02703989 1

0.2748973 -0.4242736 0.8627999 0
-0.07027226 -0.9038385 -0.4220643 0
0.9589023 0.05539344 -0.2782773 0
1.534474 0.2906119 -0.4049098 1

-0.07863446 0.9800928 0.1823053 0
-0.07194706 -0.1879741 0.9795355 0
0.9943041 0.0639089 0.08529602 0
1.684771 0.1457949 -0.02703992 1

0.6051024 0.1726086 -0.7772114 0
0.1071857 -0.9849897 -0.1353033 0
-0.7888995 -0.001433583 -0.6145207 0
1.133887 0.5195081 0.2988793 1

0.2234009 -0.4649656 0.8566793 0
-0.1597613 -0.8844728 -0.4383887 0
0.961545 -0.0389278 -0.2718755 0
2.001889 0.4723344 0.362629 1

-1.170766E-07 -0.9831303 0.182908 0
-2.244827E-08 -0.1829081 -0.9831302 0
1 -1.192093E-07 1.421188E-14 0
1.57 0.621603 -0.03139522 1

-0.005264588 -0.9999859 0.0009498718 0
-0.008462418 -0.0009052829 -0.9999639 0
0.9999505 -0.00527246 -0.008457526 0
1.448443 0.03972827 -0.04155963 1

0.3309888 -0.7246088 0.6044739 0
-0.1691669 -0.6757671 -0.7174411 0
0.9283476 0.135208 -0.3462512 0
1.479363 0.3756696 -0.5778825 1

-0.005264365 0.9999861 -0.0009498579 0
-0.008462436 0.0009052918 0.999964 0
0.9999505 0.005272221 0.008457539 0
1.691557 0.03972824 -0.04155961 1

-1.188717E-07 -0.9967397 -0.08068773 0
8.965396E-09 0.08068774 -0.9967396 0
1 -1.192093E-07 1.412166E-14 0
1.57 0.7808638 -0.03745825 1

0.9584943 0.1594811 0.2363358 0
0.2331308 0.03878986 -0.9716715 0
-0.1641307 0.9864388 -1.082794E-07 0
1.463578 0.7169735 -0.009593855 1

0.9584943 -0.1594814 -0.2363358 0
0.2331308 -0.03878994 0.9716713 0
-0.1641309 -0.9864388 1.082794E-07 0
1.676422 0.7169731 -0.009593857 1

0.007494802 0.007353242 -0.999945 0
-0.002016835 0.9999713 0.007338225 0
0.99997 0.001961733 0.007509418 0
1.429598 0.02238504 0.07938908 1

0.4769961 -0.4609603 0.7483253 0
-0.08746991 -0.872099 -0.4814486 0
0.8745423 0.1641931 -0.4563079 0
1.428689 0.4866059 -0.6704264 1

0.007494785 -0.007353217 0.9999451 0
-0.002017066 -0.9999714 -0.007338237 0
0.99997 -0.001961957 -0.007509402 0
1.710402 0.02238494 0.07938901 1

-1.192075E-07 -1 9.266662E-08 0
-6.553337E-10 -9.359793E-08 -1 0
1 -1.192093E-07 1.412166E-14 0
1.57 0.9642601 0.001601401 1

0.999819 0.0001861813 0.01903159 0
0.01903248 -0.0113356 -0.9997547 0
2.959369E-05 0.9999359 -0.01133712 0
1.314807 0.6922198 -0.04627639 1

0.999819 -0.0001872503 -0.01903162 0
0.01903248 0.0113822 0.9997541 0
2.945962E-05 -0.9999354 0.01138371 0
1.825193 0.69222 -0.04627638 1

0.8745423 0.1641931 -0.4563079 0
-0.4718954 0.0712775 -0.8787689 0
-0.1117633 0.9838499 0.139817 0
1.339399 0.5728938 -0.8105066 1

-5.070521E-08 -0.4203646 -0.9073555 0
1.078881E-07 0.9073557 -0.4203646 0
1 -1.192093E-07 1.412166E-14 0
1.57 1.024398 0.3113576 1

0.7625897 -1.444025E-07 -0.6468828 0
-0.5924722 -0.4014339 -0.6984467 0
-0.2596804 0.9158884 -0.3061293 0
1.420973 1.101171 -0.07804502 1

0.9898672 0.1419323 0.004295815 0
2.020011E-09 0.03025277 -0.9995425 0
-0.1419972 0.9894142 0.02994625 0
1.466911 1.147762 -0.07978597 1

0.3626654 -0.5169359 0.775404 0
-9.955015E-08 -0.8320506 -0.5547 0
0.9319195 0.2011705 -0.301756 0
1.482827 1.113689 -0.1169283 1

0.7625897 -4.488883E-08 0.6468829 0
-0.5924721 0.401434 0.6984466 0
-0.2596807 -0.9158882 0.3061293 0
1.719027 1.10117 -0.07804503 1

0.9898672 -0.1419325 -0.004295822 0
-3.882667E-09 -0.03025286 0.9995426 0
-0.1419975 -0.9894142 -0.02994628 0
1.673089 1.14776 -0.07978602 1

0.3626656 0.5169359 -0.7754039 0
9.955014E-08 0.8320505 0.5547002 0
0.9319195 -0.2011708 0.3017559 0
1.657174 1.11369 -0.1169281 1

0.9999993 -4.40055E-05 -0.001271226 0
-0.001271667 -0.01133707 -0.999935 0
2.959369E-05 0.9999359 -0.01133712 0
1.103479 0.692157 -0.05236705 1

1 -2.956442E-05 3.568417E-06 0
3.246447E-06 -0.01133713 -0.9999358 0
2.959369E-05 0.9999359 -0.01133712 0
1.232862 0.7751766 -0.05077746 1

0.9999993 4.388428E-05 0.001271204 0
-0.001271648 0.01138366 0.9999344 0
2.945962E-05 -0.9999354 0.01138371 0
2.036522 0.692157 -0.05236705 1

1 2.937183E-05 -3.607256E-06 0
3.250466E-06 0.01138365 0.9999352 0
2.945962E-05 -0.9999354 0.01138368 0
1.907138 0.7751766 -0.05078133 1

1 -6.909796E-08 1.081652E-07 0
5.371237E-08 0.4554729 -0.8902498 0
-1.278636E-08 0.8902502 0.455473 0
1.57 1.048187 0.3627054 1

0.7625897 -1.444025E-07 -0.6468828 0
-0.5924722 -0.4014339 -0.6984467 0
-0.2596804 0.9158884 -0.3061293 0
1.329416 1.172071 -0.2010428 1

0.1381609 -0.9556984 -0.2599088 0
-0.03278393 0.2578687 -0.9656237 0
0.9898672 0.1419323 0.004295815 0
1.452879 1.245535 -0.07682675 1

0.3624901 -0.4908124 0.7922781 0
0.01127737 -0.847723 -0.5303199 0
0.9319195 0.2011705 -0.301756 0
1.396682 1.236477 -0.3011111 1

0.7625897 -4.488883E-08 0.6468829 0
-0.5924721 0.401434 0.6984466 0
-0.2596807 -0.9158882 0.3061293 0
1.810584 1.17207 -0.2010431 1

0.1381611 0.9556983 0.2599089 0
-0.03278399 -0.2578687 0.9656237 0
0.9898672 -0.1419325 -0.004295822 0
1.687121 1.24553 -0.07682675 1

0.3624902 0.4908125 -0.7922779 0
0.01127757 0.8477229 0.53032 0
0.9319195 -0.2011708 0.3017559 0
1.743318 1.23648 -0.3011112 1

0.9999902 -0.002680541 0.00356969 0
-0.002667457 -0.99999 -0.003664638 0
0.003579483 0.003655085 -0.999987 0
0.9183387 0.6921004 -0.04730388 1

0.9999901 0.002680246 -0.00356971 0
-0.002667204 0.9999898 0.003664563 0
0.003579483 -0.00365504 0.9999869 0
2.221661 0.6921 -0.04730388 1

0.9898672 0.1419323 0.004295815 0
8.367783E-09 0.03025274 -0.9995425 0
-0.1419972 0.9894142 0.02994619 0
1.436646 1.357824 -0.04628891 1

0.9319195 0.2011705 -0.301756 0
-0.301756 -0.03142196 -0.9528676 0
-0.2011705 0.9790524 0.03142165 0
1.308979 1.355228 -0.4928008 1

0.9898672 -0.1419325 -0.004295822 0
2.465115E-09 -0.03025281 0.9995425 0
-0.1419975 -0.9894142 -0.02994625 0
1.703354 1.35782 -0.04628894 1

0.9319195 -0.2011708 0.3017559 0
-0.301756 0.03142191 0.9528675 0
-0.2011708 -0.9790523 -0.03142178 0
1.831021 1.35523 -0.4928012 1

0.5128268 0.3433732 -0.7868314 0
-0.653806 -0.4377688 -0.6171681 0
-0.556369 0.8309355 -1.051088E-07 0
0.8709713 0.6688177 0.008782499 1

0.9995825 -0.02557414 0.01344884 0
-0.0229726 -0.9856973 -0.1669535 0
0.01752617 0.166575 -0.9858733 0
0.811296 0.7241719 -0.002326013 1

0.9989982 0.0431234 0.01196715 0
0.04311333 -0.9990697 0.001099776 0
0.01200345 -0.0005826895 -0.9999279 0
0.8093467 0.7250441 -0.05832193 1

0.5128266 -0.3433733 0.7868315 0
-0.6538059 0.437769 0.6171679 0
-0.5563693 -0.8309354 1.72164E-07 0
2.269029 0.668817 0.008782477 1

0.9995825 0.02557384 -0.01344886 0
-0.02297236 0.9856972 0.1669534 0
0.0175261 -0.1665748 0.985873 0
2.328704 0.724172 -0.002326029 1

0.9989981 -0.04312373 -0.01196718 0
0.04311358 0.9990697 -0.001099835 0
0.01200344 0.000582777 0.9999278 0
2.330653 0.725044 -0.0583219 1

0.687042 0.3122452 -0.6561071 0
-0.5973131 -0.2714656 -0.7546682 0
-0.4137518 0.9103898 -7.872458E-08 0
0.8492211 0.6542545 0.04215377 1

0.9963216 0.07685304 0.03790867 0
0.08241013 -0.9805801 -0.1779655 0
0.0234953 0.180435 -0.9833064 0
0.7512018 0.7216721 -0.007317975 1

0.9963706 0.07887439 0.03200608 0
0.07995386 -0.9962196 -0.03397807 0
0.02920508 0.03641381 -0.9989102 0
0.7517778 0.724806 -0.05837128 1

0.6870418 -0.3122453 0.6561072 0
-0.597313 0.2714658 0.7546679 0
-0.413752 -0.9103897 1.457798E-07 0
2.290779 0.654254 0.0421537 1

0.9963214 -0.07685332 -0.03790864 0
0.08241037 0.9805799 0.1779654 0
0.02349523 -0.1804349 0.9833062 0
2.388798 0.721672 -0.007317997 1

0.9963706 -0.07887469 -0.03200607 0
0.07995411 0.9962195 0.033978 0
0.02920505 -0.03641375 0.99891 0
2.388222 0.724806 -0.05837129 1

0.7496026 0.4058285 -0.5228761 0
-0.4924393 -0.1859078 -0.8502601 0
-0.4422664 0.8948416 0.06048892 0
0.8168777 0.6396671 0.07343297 1

0.998528 0.0542383 0.0004007344 0
0.05315628 -0.9770852 -0.2061056 0
-0.01078726 0.2058235 -0.9785298 0
0.7118638 0.7194414 -0.009823824 1

0.9971334 0.07455955 0.01288296 0
0.07491657 -0.9967417 -0.02990241 0
0.01061145 0.03078187 -0.9994698 0
0.7085006 0.7237517 -0.05704672 1

0.7496024 -0.4058287 0.522876 0
-0.4924393 0.185908 0.8502599 0
-0.4422667 -0.8948414 -0.06048883 0
2.323122 0.639667 0.07343292 1

0.9985279 -0.05423859 -0.0004007556 0
0.05315651 0.9770851 0.2061055 0
-0.0107873 -0.2058234 0.9785296 0
2.428136 0.7194409 -0.009823848 1

0.9971334 -0.07455985 -0.01288297 0
0.07491682 0.9967415 0.02990233 0
0.01061144 -0.03078181 0.9994696 0
2.4315 0.723751 -0.05704668 1

1 0 0 0
0 -1.192093E-07 -1 0
0 1 -1.192093E-07 0
1.57 0 0 1

-1.192093E-07 -0.9999851 -0.005497243 0
0 0.005497243 -0.999985 0
1 -1.192093E-07 1.421085E-14 0
1.57 0.2717067 -0.02319967 1

-1.182293E-07 -0.9910609 -0.1334119 0
1.525423E-08 0.1334119 -0.9910607 0
1 -1.192093E-07 1.419687E-14 0
1.57 0.3859746 -0.01267859 1

-0.0739646 -0.9971687 0.01357991 0
-0.03772042 -0.01081009 -0.99923 0
0.9965474 -0.07441989 -0.03681405 0
1.461931 0.2495558 -0.03206635 1

0.1585126 0.02118466 0.9871297 0
1.266166E-07 0.99977 -0.02145596 0
-0.987357 0.003401158 0.1584761 0
1.57 0.2944598 -0.1836542 1

0.6072313 0.1721035 -0.7756614 0
0.1070796 -0.9850783 -0.1347409 0
-0.7872765 -0.001238721 -0.616599 0
1.12551 0.5130158 0.3087653 1

0.2218661 -0.46737 0.8557693 0
0.1601345 0.8831911 0.4408298 0
-0.9618381 0.03923301 0.2707922 0
2.001841 0.4715551 0.3621692 1

-0.07396281 0.9971688 -0.01358017 0
-0.03774695 0.01080844 0.999229 0
0.9965465 0.0744184 0.03684065 0
1.678069 0.249556 -0.03206633 1

-1.184981E-07 -0.9946187 0.1036062 0
-1.300243E-08 -0.1036062 -0.9946185 0
1 -1.192093E-07 1.420395E-14 0
1.57 0.5063077 -0.0170893 1

-0.07863103 -0.980093 -0.1823057 0
-0.07192077 0.1879725 -0.9795377 0
0.9943062 -0.06391048 -0.08526948 0
1.455229 0.1457955 -0.02703989 1

0.275003 -0.4193958 0.8651478 0
-0.07005616 -0.9061919 -0.4170238 0
0.9588877 0.05407387 -0.2785866 0
1.534474 0.2897119 -0.4048923 1

-0.07863446 0.9800928 0.1823053 0
-0.07194706 -0.1879741 0.9795355 0
0.9943041 0.0639089 0.08529602 0
1.684771 0.1457949 -0.02703992 1

0.6072313 0.1721035 -0.7756614 0
0.1070796 -0.9850783 -0.1347409 0
-0.7872765 -0.001238721 -0.616599 0
1.133517 0.5197883 0.2985272 1

0.2218661 -0.46737 0.8557693 0
-0.1601345 -0.8831911 -0.4408298 0
0.9618381 -0.03923301 -0.2707922 0
2.001841 0.4715551 0.3621692 1

-1.170766E-07 -0.9831303 0.182908 0
-2.244827E-08 -0.1829081 -0.9831302 0
1 -1.192093E-07 1.421188E-14 0
1.57 0.621603 -0.03139522 1

-0.005264588 -0.9999859 0.0009498718 0
-0.008462418 -0.0009052829 -0.9999639 0
0.9999505 -0.00527246 -0.008457526 0
1.448443 0.03972827 -0.04155963 1

0.3311658 -0.7211514 0.608498 0
-0.1690069 -0.6797929 -0.7136655 0
0.9283135 0.1335013 -0.3470037 0
1.479342 0.3737917 -0.5783356 1

-0.005264365 0.9999861 -0.0009498579 0
-0.008462436 0.0009052918 0.999964 0
0.9999505 0.005272221 0.008457539 0
1.691557 0.03972824 -0.04155961 1

-1.188717E-07 -0.9967397 -0.08068773 0
8.965396E-09 0.08068774 -0.9967396 0
1 -1.192093E-07 1.412166E-14 0
1.57 0.7808638 -0.03745825 1

0.9584943 0.1594811 0.2363358 0
0.2331308 0.03878986 -0.9716715 0
-0.1641307 0.9864388 -1.082794E-07 0
1.463578 0.7169735 -0.009593855 1

0.9584943 -0.1594814 -0.2363358 0
0.2331308 -0.03878994 0.9716713 0
-0.1641309 -0.9864388 1.082794E-07 0
1.676422 0.7169731 -0.009593857 1

0.007494802 0.007353242 -0.999945 0
-0.002016835 0.9999713 0.007338225 0
0.99997 0.001961733 0.007509418 0
1.429598 0.02238504 0.07938908 1

0.4770747 -0.4571935 0.7505824 0
-0.08748426 -0.8745012 -0.477069 0
0.8744978 0.1619334 -0.4571995 0
1.428641 0.4841987 -0.6714957 1

0.007494785 -0.007353217 0.9999451 0
-0.002017066 -0.9999714 -0.007338237 0
0.99997 -0.001961957 -0.007509402 0
1.710402 0.02238494 0.07938901 1

-1.192075E-07 -1 9.266662E-08 0
-6.553337E-10 -9.359793E-08 -1 0
1 -1.192093E-07 1.412166E-14 0
1.57 0.9642601 0.001601401 1

0.999819 0.0001861813 0.01903159 0
0.01903248 -0.0113356 -0.9997547 0
2.959369E-05 0.9999359 -0.01133712 0
1.314807 0.6922198 -0.04627639 1

0.999819 -0.0001872503 -0.01903162 0
0.01903248 0.0113822 0.9997541 0
2.945962E-05 -0.9999354 0.01138371 0
1.825193 0.69222 -0.04627638 1

0.8744978 0.1619335 -0.4571997 0
-0.4719819 0.06693985 -0.8790633 0
-0.111745 0.984529 0.1349684 0
1.339336 0.5697814 -0.8119984 1

-5.053128E-08 -0.4189019 -0.9080317 0
1.079697E-07 0.9080318 -0.4189019 0
1 -1.192093E-07 1.412166E-14 0
1.57 1.024398 0.3113576 1

0.7618419 0.002644998 -0.6477578 0
-0.5924191 -0.4015994 -0.6983966 0
-0.2619864 0.9158119 -0.3043882 0
1.420973 1.101171 -0.07804502 1

0.9897664 0.1426333 0.004306821 0
-0.0001439543 0.03117934 -0.9995139 0
-0.1426983 0.9892846 0.0308808 0
1.466911 1.147762 -0.07978597 1

0.3633966 -0.5153479 0.7761183 0
0.0006035762 -0.8329412 -0.5533612 0
0.9316344 0.2015581 -0.302377 0
1.482827 1.113689 -0.1169283 1

0.7618419 -0.002645232 0.6477578 0
-0.592419 0.4015995 0.6983966 0
-0.2619866 -0.9158118 0.3043882 0
1.719027 1.10117 -0.07804503 1

0.9897664 -0.1426334 -0.004306832 0
-0.0001439613 -0.03117943 0.9995141 0
-0.1426985 -0.9892846 -0.03088086 0
1.673089 1.14776 -0.07978602 1

0.3633967 0.5153478 -0.7761183 0
0.0006037756 0.8329412 0.5533612 0
0.9316344 -0.2015583 0.302377 0
1.657174 1.11369 -0.1169281 1

0.9999993 -4.40055E-05 -0.001271226 0
-0.001271667 -0.01133707 -0.999935 0
2.959369E-05 0.9999359 -0.01133712 0
1.103479 0.692157 -0.05236705 1

1 -2.956442E-05 3.568417E-06 0
3.246447E-06 -0.01133713 -0.9999358 0
2.959369E-05 0.9999359 -0.01133712 0
1.232862 0.7751766 -0.05077746 1

0.9999993 4.388428E-05 0.001271204 0
-0.001271648 0.01138366 0.9999344 0
2.945962E-05 -0.9999354 0.01138371 0
2.036522 0.692157 -0.05236705 1

1 2.937183E-05 -3.607256E-06 0
3.250466E-06 0.01138365 0.9999352 0
2.945962E-05 -0.9999354 0.01138368 0
1.907138 0.7751766 -0.05078133 1

1 -6.927232E-08 1.082458E-07 0
5.388379E-08 0.4569069 -0.8895149 0
-1.287305E-08 0.889515 0.4569069 0
1.57 1.048104 0.3627437 1

0.7610874 0.005290018 -0.648628 0
-0.5923656 -0.4017648 -0.6983468 0
-0.2642901 0.9157279 -0.3026444 0
1.329123 1.172069 -0.2008257 1

0.1395105 -0.9552547 -0.2608183 0
-0.03215894 0.2588843 -0.9653729 0
0.9896984 0.1430673 0.005397102 0
1.45281 1.245522 -0.07673439 1

0.3639126 -0.4875809 0.7936199 0
0.01250808 -0.849407 -0.5275905 0
0.9313492 0.2019235 -0.3030111 0
1.396509 1.2361 -0.3012808 1

0.7610874 -0.005290259 0.6486281 0
-0.5923656 0.401765 0.6983468 0
-0.2642904 -0.9157278 0.3026444 0
1.810877 1.172068 -0.2008261 1

0.1395108 0.9552547 0.2608184 0
-0.032159 -0.2588844 0.965373 0
0.9896984 -0.1430673 -0.005397115 0
1.68719 1.245517 -0.07673439 1

0.3639128 0.4875808 -0.7936199 0
0.01250829 0.849407 0.5275905 0
0.9313492 -0.2019238 0.3030111 0
1.743492 1.236103 -0.3012808 1

0.9999902 -0.002680541 0.00356969 0
-0.002667457 -0.99999 -0.003664638 0
0.003579483 0.003655085 -0.999987 0
0.9183387 0.6921004 -0.04730388 1

0.9999901 0.002680246 -0.00356971 0
-0.002667204 0.9999898 0.003664563 0
0.003579483 -0.00365504 0.9999869 0
2.221661 0.6921 -0.04730388 1

0.9895968 0.1437684 0.005408829 0
0.0007746588 0.03226987 -0.9994789 0
-0.1438681 0.9890853 0.03182276 0
1.436418 1.357759 -0.04608972 1

0.9317074 0.2027521 -0.3013522 0
-0.3007087 -0.03472861 -0.9530836 0
-0.2037052 0.9786144 0.02861233 0
1.308461 1.354069 -0.4932951 1

0.9895968 -0.1437685 -0.005408831 0
0.0007746515 -0.03226991 0.9994791 0
-0.1438683 -0.9890853 -0.03182281 0
1.703582 1.357755 -0.04608971 1

0.9317074 -0.2027523 0.3013522 0
-0.3007087 0.03472868 0.9530836 0
-0.2037055 -0.9786143 -0.02861233 0
1.831539 1.354071 -0.4932956 1

0.5128268 0.3433732 -0.7868314 0
-0.653806 -0.4377688 -0.6171681 0
-0.556369 0.8309355 -1.051088E-07 0
0.8709713 0.6688177 0.008782499 1

0.9995825 -0.02557414 0.01344884 0
-0.0229726 -0.9856973 -0.1669535 0
0.01752617 0.166575 -0.9858733 0
0.811296 0.7241719 -0.002326013 1

0.9989982 0.0431234 0.01196715 0
0.04311333 -0.9990697 0.001099776 0
0.01200345 -0.0005826895 -0.9999279 0
0.8093467 0.7250441 -0.05832193 1

0.5128266 -0.3433733 0.7868315 0
-0.6538059 0.437769 0.6171679 0
-0.5563693 -0.8309354 1.72164E-07 0
2.269029 0.668817 0.008782477 1

0.9995825 0.02557384 -0.01344886 0
-0.02297236 0.9856972 0.1669534 0
0.0175261 -0.1665748 0.985873 0
2.328704 0.724172 -0.002326029 1

0.9989981 -0.04312373 -0.01196718 0
0.04311358 0.9990697 -0.001099835 0
0.01200344 0.000582777 0.9999278 0
2.330653 0.725044 -0.0583219 1

0.687042 0.3122452 -0.6561071 0
-0.5973131 -0.2714656 -0.7546682 0
-0.4137518 0.9103898 -7.872458E-08 0
0.8492211 0.6542545 0.04215377 1

0.9963216 0.07685304 0.03790867 0
0.08241013 -0.9805801 -0.1779655 0
0.0234953 0.180435 -0.9833064 0
0.7512018 0.7216721 -0.007317975 1

0.9963706 0.07887439 0.03200608 0
0.07995386 -0.9962196 -0.03397807 0
0.02920508 0.03641381 -0.9989102 0
0.7517778 0.724806 -0.05837128 1

0.6870418 -0.3122453 0.6561072 0
-0.597313 0.2714658 0.7546679 0
-0.413752 -0.9103897 1.457798E-07 0
2.290779 0.654254 0.0421537 1

0.9963214 -0.07685332 -0.03790864 0
0.08241037 0.9805799 0.1779654 0
0.02349523 -0.1804349 0.9833062 0
2.388798 0.721672 -0.007317997 1

0.9963706 -0.07887469 -0.03200607 0
0.07995411 0.9962195 0.033978 0
0.02920505 -0.03641375 0.99891 0
2.388222 0.724806 -0.05837129 1

0.7496026 0.4058285 -0.5228761 0
-0.4924393 -0.1859078 -0.8502601 0
-0.4422664 0.8948416 0.06048892 0
0.8168777 0.6396671 0.07343297 1

0.998528 0.0542383 0.0004007344 0
0.05315628 -0.9770852 -0.2061056 0
-0.01078726 0.2058235 -0.9785298 0
0.7118638 0.7194414 -0.009823824 1

0.9971334 0.07455955 0.01288296 0
0.07491657 -0.9967417 -0.02990241 0
0.01061145 0.03078187 -0.9994698 0
0.7085006 0.7237517 -0.05704672 1

0.7496024 -0.4058287 0.522876 0
-0.4924393 0.185908 0.8502599 0
-0.4422667 -0.8948414 -0.06048883 0
2.323122 0.639667 0.07343292 1

0.9985279 -0.05423859 -0.0004007556 0
0.05315651 0.9770851 0.2061055 0
-0.0107873 -0.2058234 0.9785296 0
2.428136 0.7194409 -0.009823848 1

0.9971334 -0.07455985 -0.01288297 0
0.07491682 0.9967415 0.02990233 0
0.01061144 -0.03078181 0.9994696 0
2.4315 0.723751 -0.05704668 1

1 0 0 0
0 -1.192093E-07 -1 0
0 1 -1.192093E-07 0
1.57 0 0 1

-1.192093E-07 -0.9999851 -0.005497243 0
0 0.005497243 -0.999985 0
1 -1.192093E-07 1.421085E-14 0
1.57 0.2717067 -0.02319967 1

-1.182293E-07 -0.9910609 -0.1334119 0
1.525423E-08 0.1334119 -0.9910607 0
1 -1.192093E-07 1.419687E-14 0
1.57 0.3859746 -0.01267859 1

-0.0739646 -0.9971687 0.01357991 0
-0.03772042 -0.01081009 -0.99923 0
0.9965474 -0.07441989 -0.03681405 0
1.461931 0.2495558 -0.03206635 1

0.1585127 0.02900648 0.986931 0
1.265874E-07 0.9995686 -0.02937769 0
-0.9873573 0.004656873 0.1584442 0
1.57 0.2944598 -0.1836542 1

0.6111846 0.1712714 -0.7727352 0
0.1069334 -0.9852237 -0.1337903 0
-0.7842314 -0.0008606231 -0.6204681 0
1.124764 0.5135138 0.3080778 1

0.2190763 -0.4718286 0.8540396 0
0.1607273 0.8807966 0.4453815 0
-0.9623786 0.03969491 0.2687974 0
2.001749 0.4700988 0.3613305 1

-0.07396281 0.9971688 -0.01358017 0
-0.03774695 0.01080844 0.999229 0
0.9965465 0.0744184 0.03684065 0
1.678069 0.249556 -0.03206633 1

-1.184981E-07 -0.9946187 0.1036062 0
-1.300243E-08 -0.1036062 -0.9946185 0
1 -1.192093E-07 1.420395E-14 0
1.57 0.5063077 -0.0170893 1

-0.07863103 -0.980093 -0.1823057 0
-0.07192077 0.1879725 -0.9795377 0
0.9943062 -0.06391048 -0.08526948 0
1.455229 0.1457955 -0.02703989 1

0.2751849 -0.4101588 0.8695076 0
-0.06968246 -0.9105572 -0.407469 0
0.958863 0.05153983 -0.2791522 0
1.534474 0.2879588 -0.4048478 1

-0.07863446 0.9800928 0.1823053 0
-0.07194706 -0.1879741 0.9795355 0
0.9943041 0.0639089 0.08529602 0
1.684771 0.1457949 -0.02703992 1

0.6111846 0.1712714 -0.7727352 0
0.1069334 -0.9852237 -0.1337903 0
-0.7842314 -0.0008606231 -0.6204681 0
1.132828 0.5202752 0.2978764 1

0.2190763 -0.4718286 0.8540396 0
-0.1607273 -0.8807966 -0.4453815 0
0.9623786 -0.03969491 -0.2687974 0
2.001749 0.4700988 0.3613305 1

-1.170766E-07 -0.9831303 0.182908 0
-2.244827E-08 -0.1829081 -0.9831302 0
1 -1.192093E-07 1.421188E-14 0
1.57 0.621603 -0.03139522 1

-0.005264588 -0.9999859 0.0009498718 0
-0.008462418 -0.0009052829 -0.9999639 0
0.9999505 -0.00527246 -0.008457526 0
1.448443 0.03972827 -0.04155963 1

0.3314712 -0.7145737 0.616045 0
-0.16873 -0.6873319 -0.7064742 0
0.9282551 0.1302305 -0.3484006 0
1.479305 0.3701868 -0.5791652 1

-0.005264365 0.9999861 -0.0009498579 0
-0.008462436 0.0009052918 0.999964 0
0.9999505 0.005272221 0.008457539 0
1.691557 0.03972824 -0.04155961 1

-1.188717E-07 -0.9967397 -0.08068773 0
8.965396E-09 0.08068774 -0.9967396 0
1 -1.192093E-07 1.412166E-14 0
1.57 0.7808638 -0.03745825 1

0.9584943 0.1594811 0.2363358 0
0.2331308 0.03878986 -0.9716715 0
-0.1641307 0.9864388 -1.082794E-07 0
1.463578 0.7169735 -0.009593855 1

0.9584943 -0.1594814 -0.2363358 0
0.2331308 -0.03878994 0.9716713 0
-0.1641309 -0.9864388 1.082794E-07 0
1.676422 0.7169731 -0.009593857 1

0.007494802 0.007353242 -0.999945 0
-0.002016835 0.9999713 0.007338225 0
0.99997 0.001961733 0.007509418 0
1.429598 0.02238504 0.07938908 1

0.4771647 -0.4506592 0.7544671 0
-0.08779527 -0.8786566 -0.4693138 0
0.8744177 0.1577013 -0.4588294 0
1.428558 0.4795868 -0.6734806 1

0.007494785 -0.007353217 0.9999451 0
-0.002017066 -0.9999714 -0.007338237 0
0.99997 -0.001961957 -0.007509402 0
1.710402 0.02238494 0.07938901 1

-1.192075E-07 -1 9.266662E-08 0
-6.553337E-10 -9.359793E-08 -1 0
1 -1.192093E-07 1.412166E-14 0
1.57 0.9642601 0.001601401 1

0.999819 0.0001861813 0.01903159 0
0.01903248 -0.0113356 -0.9997547 0
2.959369E-05 0.9999359 -0.01133712 0
1.314807 0.6922198 -0.04627639 1

0.999819 -0.0001872503 -0.01903162 0
0.01903248 0.0113822 0.9997541 0
2.945962E-05 -0.9999354 0.01138371 0
1.825193 0.69222 -0.04627638 1

0.8744177 0.1577013 -0.4588294 0
-0.4722135 0.0594999 -0.879474 0
-0.1113938 0.9856931 0.1264966 0
1.339236 0.5639464 -0.8147106 1

-5.01809E-08 -0.4159552 -0.9093852 0
1.081329E-07 0.9093853 -0.4159551 0
1 -1.192093E-07 1.412166E-14 0
1.57 1.024398 0.3113576 1

0.7603988 0.007701105 -0.6494109 0
-0.592313 -0.4019088 -0.6983086 0
-0.2663817 0.9156475 -0.3010493 0
1.420973 1.101171 -0.07804502 1

0.9895736 0.1439643 0.004319857 0
-0.0004201984 0.03287856 -0.9994593 0
-0.1440284 0.9890368 0.03259624 0
1.466911 1.147762 -0.07978597 1

0.3647826 -0.5124292 0.7773997 0
0.001690839 -0.8345668 -0.5509046 0
0.9310913 0.2022749 -0.303569 0
1.482827 1.113689 -0.1169283 1

0.7603989 -0.00770142 0.6494109 0
-0.5923129 0.4019089 0.6983087 0
-0.266382 -0.9156476 0.3010493 0
1.719027 1.10117 -0.07804503 1

0.9895736 -0.1439645 -0.004319863 0
-0.000420203 -0.03287861 0.9994593 0
-0.1440287 -0.9890368 -0.03259627 0
1.673089 1.14776 -0.07978602 1

0.3647827 0.5124292 -0.7773998 0
0.001691054 0.8345669 0.5509046 0
0.9310913 -0.2022751 0.303569 0
1.657174 1.11369 -0.1169281 1

0.9999993 -4.40055E-05 -0.001271226 0
-0.001271667 -0.01133707 -0.999935 0
2.959369E-05 0.9999359 -0.01133712 0
1.103479 0.692157 -0.05236705 1

1 -2.956442E-05 3.568417E-06 0
3.246447E-06 -0.01133713 -0.9999358 0
2.959369E-05 0.9999359 -0.01133712 0
1.232862 0.7751766 -0.05077746 1

0.9999993 4.388428E-05 0.001271204 0
-0.001271648 0.01138366 0.9999344 0
2.945962E-05 -0.9999354 0.01138371 0
2.036522 0.692157 -0.05236705 1

1 2.937183E-05 -3.607256E-06 0
3.250466E-06 0.01138365 0.9999352 0
2.945962E-05 -0.9999354 0.01138368 0
1.907138 0.7751766 -0.05078133 1

1 -6.962359E-08 1.084072E-07 0
5.422832E-08 0.4597889 -0.8880285 0
-1.304835E-08 0.8880287 0.4597889 0
1.57 1.047937 0.3628204 1

0.7581518 0.01540021 -0.6518964 0
-0.5921504 -0.4023831 -0.6981733 0
-0.2730641 0.915342 -0.2959481 0
1.328565 1.172063 -0.20041 1

0.1420703 -0.9544178 -0.2624947 0
-0.03103529 0.2607594 -0.964905 0
0.98937 0.145231 0.007425541 0
1.452678 1.245498 -0.07656487 1

0.3666056 -0.481633 0.7960089 0
0.01473337 -0.8524647 -0.5225775 0
0.9302599 0.2033078 -0.3054222 0
1.396179 1.235407 -0.3015852 1

0.7581519 -0.01540053 0.6518964 0
-0.5921503 0.4023832 0.6981734 0
-0.2730644 -0.9153421 0.295948 0
1.811435 1.172062 -0.2004104 1

0.1420705 0.9544178 0.2624948 0
-0.03103535 -0.2607594 0.9649051 0
0.98937 -0.1452312 -0.007425549 0
1.687322 1.245493 -0.07656487 1

0.3666057 0.481633 -0.796009 0
0.01473358 0.8524647 0.5225776 0
0.9302599 -0.203308 0.3054222 0
1.743821 1.23541 -0.3015853 1

0.9999902 -0.002680541 0.00356969 0
-0.002667457 -0.99999 -0.003664638 0
0.003579483 0.003655085 -0.999987 0
0.9183387 0.6921004 -0.04730388 1

0.9999901 0.002680246 -0.00356971 0
-0.002667204 0.9999898 0.003664563 0
0.003579483 -0.00365504 0.9999869 0
2.221661 0.6921 -0.04730388 1

0.9890695 0.1472622 0.007455087 0
0.00217477 0.03598521 -0.9993501 0
-0.1474346 0.988443 0.03527158 0
1.435986 1.357636 -0.04572319 1

0.9312505 0.2057355 -0.3007422 0
-0.2988853 -0.04080658 -0.9534162 0
-0.2084237 0.9777569 0.02349011 0
1.30748 1.351937 -0.4941776 1

0.9890695 -0.1472623 -0.007455088 0
0.002174764 -0.03598524 0.9993501 0
-0.1474349 -0.9884429 -0.03527163 0
1.704014 1.357632 -0.04572322 1

0.9312505 -0.2057357 0.3007422 0
-0.2988853 0.04080667 0.9534163 0
-0.208424 -0.9777569 -0.02349014 0
1.83252 1.351939 -0.494178 1

0.5128268 0.3433732 -0.7868314 0
-0.653806 -0.4377688 -0.6171681 0
-0.556369 0.8309355 -1.051088E-07 0
0.8709713 0.6688177 0.008782499 1

0.9995825 -0.02557414 0.01344884 0
-0.0229726 -0.9856973 -0.1669535 0
0.01752617 0.166575 -0.9858733 0
0.811296 0.7241719 -0.002326013 1

0.9989982 0.0431234 0.01196715 0
0.04311333 -0.9990697 0.001099776 0
0.01200345 -0.0005826895 -0.9999279 0
0.8093467 0.7250441 -0.05832193 1

0.5128266 -0.3433733 0.7868315 0
-0.6538059 0.437769 0.6171679 0
-0.5563693 -0.8309354 1.72164E-07 0
2.269029 0.668817 0.008782477 1

0.9995825 0.02557384 -0.01344886 0
-0.02297236 0.9856972 0.1669534 0
0.0175261 -0.1665748 0.985873 0
2.328704 0.724172 -0.002326029 1

0.9989981 -0.04312373 -0.01196718 0
0.04311358 0.9990697 -0.001099835 0
0.01200344 0.000582777 0.9999278 0
2.330653 0.725044 -0.0583219 1

0.687042 0.3122452 -0.6561071 0
-0.5973131 -0.2714656 -0.7546682 0
-0.4137518 0.9103898 -7.872458E-08 0
0.8492211 0.6542545 0.04215377 1

0.9963216 0.07685304 0.03790867 0
0.08241013 -0.9805801 -0.1779655 0
0.0234953 0.180435 -0.9833064 0
0.7512018 0.7216721 -0.007317975 1

0.9963706 0.07887439 0.03200608 0
0.07995386 -0.9962196 -0.03397807 0
0.02920508 0.03641381 -0.9989102 0
0.7517778 0.724806 -0.05837128 1

0.6870418 -0.3122453 0.6561072 0
-0.597313 0.2714658 0.7546679 0
-0.413752 -0.9103897 1.457798E-07 0
2.290779 0.654254 0.0421537 1

0.9963214 -0.07685332 -0.03790864 0
0.08241037 0.9805799 0.1779654 0
0.02349523 -0.1804349 0.9833062 0
2.388798 0.721672 -0.007317997 1

0.9963706 -0.07887469 -0.03200607 0
0.07995411 0.9962195 0.033978 0
0.02920505 -0.03641375 0.99891 0
2.388222 0.724806 -0.05837129 1

0.7496026 0.4058285 -0.5228761 0
-0.4924393 -0.1859078 -0.8502601 0
-0.4422664 0.8948416 0.06048892 0
0.8168777 0.6396671 0.07343297 1

0.998528 0.0542383 0.0004007344 0
0.05315628 -0.9770852 -0.2061056 0
-0.01078726 0.2058235 -0.9785298 0
0.7118638 0.7194414 -0.009823824 1

0.9971334 0.07455955 0.01288296 0
0.07491657 -0.9967417 -0.02990241 0
0.01061145 0.03078187 -0.9994698 0
0.7085006 0.7237517 -0.05704672 1

0.7496024 -0.4058287 0.522876 0
-0.4924393 0.185908 0.8502599 0
-0.4422667 -0.8948414 -0.06048883 0
2.323122 0.639667 0.07343292 1

0.9985279 -0.05423859 -0.0004007556 0
0.05315651 0.9770851 0.2061055 0
-0.0107873 -0.2058234 0.9785296 0
2.428136 0.7194409 -0.009823848 1

0.9971334 -0.07455985 -0.01288297 0
0.07491682 0.9967415 0.02990233 0
0.01061144 -0.03078181 0.9994696 0
2.4315 0.723751 -0.05704668 1

1 0 0 0
0 -1.192093E-07 -1 0
0 1 -1.192093E-07 0
1.57 0 0 1

-1.192093E-07 -0.9999851 -0.005497243 0
0 0.005497243 -0.999985 0
1 -1.192093E-07 1.421085E-14 0
1.57 0.2717067 -0.02319967 1

-1.182293E-07 -0.9910609 -0.1334119 0
1.525423E-08 0.1334119 -0.9910607 0
1 -1.192093E-07 1.419687E-14 0
1.57 0.3859746 -0.01267859 1

-0.0739646 -0.9971687 0.01357991 0
-0.03772042 -0.01081009 -0.99923 0
0.9965474 -0.07441989 -0.03681405 0
1.461931 0.2495558 -0.03206635 1

0.1585127 0.0401476 0.9865404 0
1.190823E-07 0.9991732 -0.0406617 0
-0.987357 0.006445519 0.1583816 0
1.57 0.2944598 -0.1836542 1

0.6166899 0.1701565 -0.7685965 0
0.1067471 -0.9854172 -0.1325081 0
-0.7799352 -0.0003290422 -0.6258605 0
1.123719 0.514165 0.3071215 1

0.2152056 -0.4780327 0.85157 0
0.1614893 0.8774171 0.451731 0
-0.9631242 0.04030447 0.2660221 0
2.001617 0.4680408 0.3601702 1

-0.07396281 0.9971688 -0.01358017 0
-0.03774695 0.01080844 0.999229 0
0.9965465 0.0744184 0.03684065 0
1.678069 0.249556 -0.03206633 1

-1.184981E-07 -0.9946187 0.1036062 0
-1.300243E-08 -0.1036062 -0.9946185 0
1 -1.192093E-07 1.420395E-14 0
1.57 0.5063077 -0.0170893 1

-0.07863103 -0.980093 -0.1823057 0
-0.07192077 0.1879725 -0.9795377 0
0.9943062 -0.06391048 -0.08526948 0
1.455229 0.1457955 -0.02703989 1

0.2754301 -0.3970796 0.8754807 0
-0.06917425 -0.9165315 -0.3939358 0
0.9588292 0.04794108 -0.2799081 0
1.534474 0.2854618 -0.4047602 1

-0.07863446 0.9800928 0.1823053 0
-0.07194706 -0.1879741 0.9795355 0
0.9943041 0.0639089 0.08529602 0
1.684771 0.1457949 -0.02703992 1

0.6166899 0.1701565 -0.7685965 0
0.1067471 -0.9854172 -0.1325081 0
-0.7799352 -0.0003290422 -0.6258605 0
1.13186 0.5209118 0.2969723 1

0.2152056 -0.4780327 0.85157 0
-0.1614893 -0.8774171 -0.451731 0
0.9631242 -0.04030447 -0.2660221 0
2.001617 0.4680408 0.3601702 1

-1.170766E-07 -0.9831303 0.182908 0
-2.244827E-08 -0.1829081 -0.9831302 0
1 -1.192093E-07 1.421188E-14 0
1.57 0.621603 -0.03139522 1

-0.005264588 -0.9999859 0.0009498718 0
-0.008462418 -0.0009052829 -0.9999639 0
0.9999505 -0.00527246 -0.008457526 0
1.448443 0.03972827 -0.04155963 1

0.3318845 -0.7051836 0.6265534 0
-0.1683526 -0.6978154 -0.6962122 0
0.9281759 0.1255802 -0.3503135 0
1.479256 0.3650677 -0.5802751 1

-0.005264365 0.9999861 -0.0009498579 0
-0.008462436 0.0009052918 0.999964 0
0.9999505 0.005272221 0.008457539 0
1.691557 0.03972824 -0.04155961 1

-1.188717E-07 -0.9967397 -0.08068773 0
8.965396E-09 0.08068774 -0.9967396 0
1 -1.192093E-07 1.412166E-14 0
1.57 0.7808638 -0.03745825 1

0.9584943 0.1594811 0.2363358 0
0.2331308 0.03878986 -0.9716715 0
-0.1641307 0.9864388 -1.082794E-07 0
1.463578 0.7169735 -0.009593855 1

0.9584943 -0.1594814 -0.2363358 0
0.2331308 -0.03878994 0.9716713 0
-0.1641309 -0.9864388 1.082794E-07 0
1.676422 0.7169731 -0.009593857 1

0.007494802 0.007353242 -0.999945 0
-0.002016835 0.9999713 0.007338225 0
0.99997 0.001961733 0.007509418 0
1.429598 0.02238504 0.07938908 1

0.4772468 -0.4418994 0.7595793 0
-0.08845687 -0.8841344 -0.4587837 0
0.8743062 0.151763 -0.4610391 0
1.428445 0.4730301 -0.6761994 1

0.007494785 -0.007353217 0.9999451 0
-0.002017066 -0.9999714 -0.007338237 0
0.99997 -0.001961957 -0.007509402 0
1.710402 0.02238494 0.07938901 1

-1.192075E-07 -1 9.266662E-08 0
-6.553337E-10 -9.359793E-08 -1 0
1 -1.192093E-07 1.412166E-14 0
1.57 0.9642601 0.001601401 1

0.999819 0.0001861813 0.01903159 0
0.01903248 -0.0113356 -0.9997547 0
2.959369E-05 0.9999359 -0.01133712 0
1.314807 0.6922198 -0.04627639 1

0.999819 -0.0001872503 -0.01903162 0
0.01903248 0.0113822 0.9997541 0
2.945962E-05 -0.9999354 0.01138371 0
1.825193 0.69222 -0.04627638 1

0.8743062 0.151763 -0.4610391 0
-0.4725918 0.04960944 -0.8798841 0
-0.1106619 0.9871716 0.1150958 0
1.339108 0.55575 -0.8183863 1

-4.96779E-08 -0.4117251 -0.9113083 0
1.08365E-07 0.9113084 -0.411725 0
1 -1.192093E-07 1.412166E-14 0
1.57 1.024398 0.3113576 1

0.7583223 0.01483938 -0.6517111 0
-0.592159 -0.4023421 -0.6981896 0
-0.2725714 0.9153695 -0.2963175 0
1.420973 1.101171 -0.07804502 1

0.9892991 0.1458387 0.004337764 0
-0.0008135907 0.03524413 -0.9993786 0
-0.1459009 0.9886808 0.03498562 0
1.466911 1.147762 -0.07978597 1

0.3667282 -0.5083533 0.7791584 0
0.003201623 -0.8368147 -0.5474772 0
0.9303227 0.20327 -0.3052559 0
1.482827 1.113689 -0.1169283 1

0.7583224 -0.01483933 0.6517112 0
-0.5921591 0.4023423 0.6981897 0
-0.2725717 -0.9153695 0.2963176 0
1.719027 1.10117 -0.07804503 1

0.9892991 -0.1458388 -0.004337774 0
-0.0008135978 -0.03524418 0.9993787 0
-0.1459011 -0.9886807 -0.03498568 0
1.673089 1.14776 -0.07978602 1

0.3667284 0.5083532 -0.7791584 0
0.003201809 0.8368146 0.5474773 0
0.9303227 -0.2032702 0.3052559 0
1.657174 1.11369 -0.1169281 1

0.9999993 -4.40055E-05 -0.001271226 0
-0.001271667 -0.01133707 -0.999935 0
2.959369E-05 0.9999359 -0.01133712 0
1.103479 0.692157 -0.05236705 1

1 -2.956442E-05 3.568417E-06 0
3.246447E-06 -0.01133713 -0.9999358 0
2.959369E-05 0.9999359 -0.01133712 0
1.232862 0.7751766 -0.05077746 1

0.9999993 4.388428E-05 0.001271204 0
-0.001271648 0.01138366 0.9999344 0
2.945962E-05 -0.9999354 0.01138371 0
2.036522 0.692157 -0.05236705 1

1 2.937183E-05 -3.607256E-06 0
3.250466E-06 0.01138365 0.9999352 0
2.945962E-05 -0.9999354 0.01138368 0
1.907138 0.7751766 -0.05078133 1

1 -7.012786E-08 1.086364E-07 0
5.472103E-08 0.4639103 -0.8858825 0
-1.330147E-08 0.8858826 0.4639104 0
1.57 1.047698 0.3629292 1

0.7538469 0.0296686 -0.6563799 0
-0.5918335 -0.4032485 -0.6979427 0
-0.2853911 0.9146097 -0.2864286 0
1.32778 1.172049 -0.1998212 1

0.1456724 -0.9532293 -0.2648285 0
-0.02948533 0.263382 -0.964241 0
0.9888937 0.1482719 0.01026122 0
1.452493 1.245463 -0.07632876 1

0.3703722 -0.4733097 0.7992513 0
0.01784015 -0.8566598 -0.5155736 0
0.9287122 0.2052129 -0.3088391 0
1.395717 1.234439 -0.3020028 1

0.7538469 -0.02966854 0.6563802 0
-0.5918336 0.4032486 0.6979428 0
-0.2853915 -0.9146097 0.2864287 0
1.81222 1.172048 -0.1998217 1

0.1456726 0.9532293 0.2648285 0
-0.02948539 -0.263382 0.9642411 0
0.9888937 -0.1482719 -0.01026123 0
1.687507 1.245458 -0.07632875 1

0.3703724 0.4733097 -0.7992513 0
0.01784034 0.8566598 0.5155736 0
0.9287122 -0.2052132 0.3088391 0
1.744283 1.234442 -0.302003 1

0.9999902 -0.002680541 0.00356969 0
-0.002667457 -0.99999 -0.003664638 0
0.003579483 0.003655085 -0.999987 0
0.9183387 0.6921004 -0.04730388 1

0.9999901 0.002680246 -0.00356971 0
-0.002667204 0.9999898 0.003664563 0
0.003579483 -0.00365504 0.9999869 0
2.221661 0.6921 -0.04730388 1

0.9883 0.1521744 0.01032328 0
0.004097022 0.04117224 -0.9991437 0
-0.1524692 0.9874961 0.04006705 0
1.435378 1.357462 -0.04521287 1

0.9305531 0.2099537 -0.2999845 0
-0.2963658 -0.04925899 -0.9538035 0
-0.2150314 0.9764701 0.01638491 0
1.306107 1.348955 -0.4953798 1

0.9883 -0.1521745 -0.0103233 0
0.004097014 -0.0411723 0.9991438 0
-0.1524694 -0.987496 -0.04006708 0
1.704623 1.357458 -0.04521292 1

0.9305531 -0.2099539 0.2999845 0
-0.2963659 0.04925902 0.9538035 0
-0.2150317 -0.9764699 -0.01638499 0
1.833893 1.348957 -0.4953801 1

0.5128268 0.3433732 -0.7868314 0
-0.653806 -0.4377688 -0.6171681 0
-0.556369 0.8309355 -1.051088E-07 0
0.8709713 0.6688177 0.008782499 1

0.9995825 -0.02557414 0.01344884 0
-0.0229726 -0.9856973 -0.1669535 0
0.01752617 0.166575 -0.9858733 0
0.811296 0.7241719 -0.002326013 1

0.9989982 0.0431234 0.01196715 0
0.04311333 -0.9990697 0.001099776 0
0.01200345 -0.0005826895 -0.9999279 0
0.8093467 0.7250441 -0.05832193 1

0.5128266 -0.3433733 0.7868315 0
-0.6538059 0.437769 0.6171679 0
-0.5563693 -0.8309354 1.72164E-07 0
2.269029 0.668817 0.008782477 1

0.9995825 0.02557384 -0.01344886 0
-0.02297236 0.9856972 0.1669534 0
0.0175261 -0.1665748 0.985873 0
2.328704 0.724172 -0.002326029 1

0.9989981 -0.04312373 -0.01196718 0
0.04311358 0.9990697 -0.001099835 0
0.01200344 0.000582777 0.9999278 0
2.330653 0.725044 -0.0583219 1

0.687042 0.3122452 -0.6561071 0
-0.5973131 -0.2714656 -0.7546682 0
-0.4137518 0.9103898 -7.872458E-08 0
0.8492211 0.6542545 0.04215377 1

0.9963216 0.07685304 0.03790867 0
0.08241013 -0.9805801 -0.1779655 0
0.0234953 0.180435 -0.9833064 0
0.7512018 0.7216721 -0.007317975 1

0.9963706 0.07887439 0.03200608 0
0.07995386 -0.9962196 -0.03397807 0
0.02920508 0.03641381 -0.9989102 0
0.7517778 0.724806 -0.05837128 1

0.6870418 -0.3122453 0.6561072 0
-0.597313 0.2714658 0.7546679 0
-0.413752 -0.9103897 1.457798E-07 0
2.290779 0.654254 0.0421537 1

0.9963214 -0.07685332 -0.03790864 0
0.08241037 0.9805799 0.1779654 0
0.02349523 -0.1804349 0.9833062 0
2.388798 0.721672 -0.007317997 1

0.9963706 -0.07887469 -0.03200607 0
0.07995411 0.9962195 0.033978 0
0.02920505 -0.03641375 0.99891 0
2.388222 0.724806 -0.05837129 1

0.7496026 0.4058285 -0.5228761 0
-0.4924393 -0.1859078 -0.8502601 0
-0.4422664 0.8948416 0.06048892 0
0.8168777 0.6396671 0.07343297 1

0.998528 0.0542383 0.0004007344 0
0.05315628 -0.9770852 -0.2061056 0
-0.01078726 0.2058235 -0.9785298 0
0.7118638 0.7194414 -0.009823824 1

0.9971334 0.07455955 0.01288296 0
0.07491657 -0.9967417 -0.02990241 0
0.01061145 0.03078187 -0.9994698 0
0.7085006 0.7237517 -0.05704672 1

0.7496024 -0.4058287 0.522876 0
-0.4924393 0.185908 0.8502599 0
-0.4422667 -0.8948414 -0.06048883 0
2.323122 0.639667 0.07343292 1

0.9985279 -0.05423859 -0.0004007556 0
0.05315651 0.9770851 0.2061055 0
-0.0107873 -0.2058234 0.9785296 0
2.428136 0.7194409 -0.009823848 1

0.9971334 -0.07455985 -0.01288297 0
0.07491682 0.9967415 0.02990233 0
0.01061144 -0.03078181 0.9994696 0
2.4315 0.723751 -0.05704668 1

1 0 0 0
0 -1.192093E-07 -1 0
0 1 -1.192093E-07 0
1.57 0 0 1

-1.192093E-07 -0.9999851 -0.005497243 0
0 0.005497243 -0.999985 0
1 -1.192093E-07 1.421085E-14 0
1.57 0.2717067 -0.02319967 1

-1.182293E-07 -0.9910609 -0.1334119 0
1.525423E-08 0.1334119 -0.9910607 0
1 -1.192093E-07 1.419687E-14 0
1.57 0.3859746 -0.01267859 1

-0.0739646 -0.9971687 0.01357991 0
-0.03772042 -0.01081009 -0.99923 0
0.9965474 -0.07441989 -0.03681405 0
1.461931 0.2495558 -0.03206635 1

0.1585126 0.05411972 0.9858727 0
1.189924E-07 0.9984969 -0.0548128 0
-0.987357 0.008688632 0.1582743 0
1.57 0.2944598 -0.1836542 1

0.6234717 0.1688032 -0.763406 0
0.1065202 -0.9856499 -0.1309507 0
-0.7745558 0.0003259257 -0.6325057 0
1.122418 0.5149117 0.3059439 1

0.2104275 -0.4856705 0.8484366 0
0.1623678 0.8731776 0.4595629 0
-0.9640318 0.04105412 0.2625978 0
2.00145 0.4654561 0.3587454 1

-0.07396281 0.9971688 -0.01358017 0
-0.03774695 0.01080844 0.999229 0
0.9965465 0.0744184 0.03684065 0
1.678069 0.249556 -0.03206633 1

-1.184981E-07 -0.9946187 0.1036062 0
-1.300243E-08 -0.1036062 -0.9946185 0
1 -1.192093E-07 1.420395E-14 0
1.57 0.5063077 -0.0170893 1

-0.07863103 -0.980093 -0.1823057 0
-0.07192077 0.1879725 -0.9795377 0
0.9943062 -0.06391048 -0.08526948 0
1.455229 0.1457955 -0.02703989 1

0.2757262 -0.3806697 0.8826472 0
-0.06855475 -0.9236913 -0.3769555 0
0.9587886 0.04342687 -0.2807825 0
1.534474 0.2823304 -0.4046106 1

-0.07863446 0.9800928 0.1823053 0
-0.07194706 -0.1879741 0.9795355 0
0.9943041 0.0639089 0.08529602 0
1.684771 0.1457949 -0.02703992 1

0.6234717 0.1688032 -0.763406 0
0.1065202 -0.9856499 -0.1309507 0
-0.7745558 0.0003259257 -0.6325057 0
1.130655 0.5216406 0.2958603 1

0.2104275 -0.4856705 0.8484366 0
-0.1623678 -0.8731776 -0.4595629 0
0.9640318 -0.04105412 -0.2625978 0
2.00145 0.4654561 0.3587454 1

-1.170766E-07 -0.9831303 0.182908 0
-2.244827E-08 -0.1829081 -0.9831302 0
1 -1.192093E-07 1.421188E-14 0
1.57 0.621603 -0.03139522 1

-0.005264588 -0.9999859 0.0009498718 0
-0.008462418 -0.0009052829 -0.9999639 0
0.9999505 -0.00527246 -0.008457526 0
