MeshAnim
1
90
9
24
1.788139E-07 -4.371139E-08 1 0
0.0210502 -0.9997784 -4.649567E-08 0
0.9997784 0.0210502 -1.182892E-07 0
1.321716 0.39 1.313323 1

-0.8209006 -0.02229965 -0.5706357 0
-0.5708675 0.005344832 0.821025 0
-0.01525852 0.9997371 -0.01711793 0
1.581632 0.3701312 1.217055 1

-0.9415994 -0.02373044 0.3358977 0
0.3352233 0.02835067 0.941712 0
-0.03187017 0.9993162 -0.01874001 0
1.564891 0.3701312 1.09997 1

0.8742664 -0.03223072 0.4843759 0
-0.4848438 -0.008250395 0.874562 0
-0.0241915 -0.9994465 -0.02283983 0
1.021295 0.3701312 1.118352 1

0.8123987 -0.02580276 -0.5825312 0
0.5816213 -0.03530029 0.8126935 0
-0.0415332 -0.9990438 -0.01367049 0
1.038036 0.3701312 1.235437 1

-0.1867035 0.9774467 -0.09869069 0
-0.9822419 -0.1876195 4.68636E-07 0
-0.01851591 0.09693797 0.9951181 0
1.803656 0.3761625 1.371391 1

-0.2262361 0.9671541 0.1158872 0
-0.9736251 -0.2281312 0.003183593 0
0.02951655 -0.1121105 0.9932572 0
1.804204 0.3761624 1.014599 1

0.2461495 0.9617843 0.119923 0
-0.9687048 0.2482059 -0.002288867 0
-0.03196675 -0.1156066 0.9927808 0
0.8576957 0.3761624 1.027712 1

0.2064517 0.9763736 -0.06381541 0
-0.9782775 0.2072225 0.005632231 0
0.01872328 0.06126638 0.9979458 0
0.8481427 0.3761624 1.3716 1

1.788139E-07 -4.371139E-08 1 0
0.0210502 -0.9997784 -4.649567E-08 0
0.9997784 0.0210502 -1.182892E-07 0
1.321716 0.39 1.313323 1

-0.8209006 -0.02229965 -0.5706357 0
-0.5708675 0.005344832 0.821025 0
-0.01525852 0.9997371 -0.01711793 0
1.581632 0.3701312 1.217055 1

-0.9415994 -0.02373044 0.3358977 0
0.3352233 0.02835067 0.941712 0
-0.03187017 0.9993162 -0.01874001 0
1.564891 0.3701312 1.09997 1

0.8742664 -0.03223072 0.4843759 0
-0.4848438 -0.008250395 0.874562 0
-0.0241915 -0.9994465 -0.02283983 0
1.021295 0.3701312 1.118352 1

0.8123987 -0.02580276 -0.5825312 0
0.5816213 -0.03530029 0.8126935 0
-0.0415332 -0.9990438 -0.01367049 0
1.038036 0.3701312 1.235437 1

-0.1867035 0.9774467 -0.09869069 0
-0.9822419 -0.1876195 4.68636E-07 0
-0.01851591 0.09693797 0.9951181 0
1.803656 0.3761625 1.371391 1

-0.2262361 0.9671541 0.1158872 0
-0.9736251 -0.2281312 0.003183593 0
0.02951655 -0.1121105 0.9932572 0
1.804204 0.3761624 1.014599 1

0.2461495 0.9617843 0.119923 0
-0.9687048 0.2482059 -0.002288867 0
-0.03196675 -0.1156066 0.9927808 0
0.8576957 0.3761624 1.027712 1

0.2064517 0.9763736 -0.06381541 0
-0.9782775 0.2072225 0.005632231 0
0.01872328 0.06126638 0.9979458 0
0.8481427 0.3761624 1.3716 1

0 -0.005049802 0.9999873 0
0.02104147 -0.9997659 -0.005048685 0
0.9997787 0.0210412 0.0001061568 0
1.321716 0.3895452 1.313323 1

-0.8208542 -0.02394003 -0.5706357 0
-0.570877 0.004203999 0.8210248 0
-0.01725641 0.9997045 -0.01711769 0
1.581387 0.3698313 1.217055 1

-0.9415502 -0.02561207 0.3358977 0
0.335166 0.02902057 0.941712 0
-0.03386713 0.9992505 -0.01874013 0
1.564646 0.3698148 1.09997 1

0.8742048 -0.03386422 0.4843759 0
-0.4848583 -0.007344523 0.8745621 0
-0.02605886 -0.9993996 -0.02283995 0
1.021569 0.3698821 1.118352 1

0.812349 -0.02732068 -0.582531 0
0.5815543 -0.03638688 0.8126934 0
-0.04339984 -0.9989643 -0.01367037 0
1.038309 0.3698667 1.235437 1

-0.1886565 0.9770715 -0.09869046 0
-0.9818649 -0.1895819 3.49341E-07 0
-0.0187096 0.09690072 0.995118 0
1.803398 0.3763062 1.371391 1

-0.2281684 0.9667 0.1158871 0
-0.9731673 -0.2300764 0.003183623 0
0.02974048 -0.1120513 0.9932572 0
1.803947 0.3763243 1.014599 1

0.2479461 0.9613228 0.1199231 0
-0.9682394 0.2500155 -0.002288807 0
-0.03218266 -0.1155468 0.9927808 0
0.8579814 0.376219 1.027712 1

0.2082756 0.9759861 -0.06381551 0
-0.9778886 0.2090499 0.005632171 0
0.01883772 0.06123136 0.9979456 0
0.8484278 0.3762528 1.3716 1

-1.192093E-07 -0.01387794 0.9999038 0
0.02103642 -0.9996827 -0.01387487 0
0.9997789 0.02103439 0.0002918253 0
1.321716 0.3880377 1.313323 1

-0.8207561 -0.02709514 -0.5706357 0
-0.570889 0.002009475 0.8210248 0
-0.02109906 0.9996308 -0.01711769 0
1.580645 0.3689246 1.217055 1

-0.9414447 -0.02923117 0.3358977 0
0.335052 0.0303085 0.941712 0
-0.03770789 0.999113 -0.01873977 0
1.563908 0.3688585 1.09997 1

0.8740774 -0.037006 0.4843759 0
-0.4848816 -0.005601683 0.874562 0
-0.02965071 -0.9992994 -0.02283983 0
1.022398 0.3691291 1.118352 1

0.8122456 -0.03024015 -0.582531 0
0.5814198 -0.03847686 0.8126935 0
-0.04698989 -0.9988018 -0.01367049 0
1.039136 0.3690672 1.235437 1

-0.1924108 0.9763391 -0.09869046 0
-0.9811289 -0.1933548 3.49176E-07 0
-0.01908201 0.09682802 0.995118 0
1.802631 0.3762529 1.371391 1

-0.2318826 0.9658158 0.1158874 0
-0.9722756 -0.2338155 0.003183593 0
0.03017104 -0.1119363 0.9932573 0
1.803181 0.3762878 1.014599 1

0.2513997 0.9604253 0.119923 0
-0.9673345 0.2534939 -0.002288867 0
-0.03259775 -0.1154302 0.9927808 0
0.8588344 0.3760539 1.027712 1

0.211782 0.9752312 -0.06381539 0
-0.9771309 0.2125632 0.005632171 0
0.01905766 0.06116321 0.9979457 0
0.8492789 0.3761357 1.3716 1

-1.192093E-07 -0.02521918 0.999682 0
0.0210344 -0.9994609 -0.0252136 0
0.9997788 0.02102771 0.0005305419 0
1.321716 0.3852956 1.313323 1

-0.8205976 -0.03153634 -0.5706357 0
-0.5708915 -0.001080072 0.8210249 0
-0.02650839 0.999502 -0.01711769 0
1.579412 0.3674159 1.217055 1

-0.9412729 -0.03432546 0.3358977 0
0.3348831 0.03212126 0.9417121 0
-0.04311417 0.9988943 -0.01874001 0
1.562678 0.3672671 1.09997 1

0.873879 -0.04142819 0.4843759 0
-0.4849038 -0.003148356 0.8745621 0
-0.03470654 -0.9991367 -0.02283995 0
1.023777 0.3678761 1.118352 1

0.8120822 -0.03434959 -0.5825311 0
0.5812176 -0.04141823 0.8126936 0
-0.05204302 -0.9985514 -0.01367037 0
1.040512 0.3677369 1.235437 1

-0.1976916 0.9752836 -0.09869045 0
-0.9800682 -0.1986615 3.787464E-07 0
-0.0196057 0.09672325 0.9951181 0
1.801354 0.3759454 1.371391 1

-0.2371058 0.9645468 0.1158872 0
-0.9709963 -0.2390736 0.003183593 0
0.03077629 -0.1117714 0.9932574 0
1.801908 0.3759912 1.014599 1

0.256256 0.9591411 0.1199231 0
-0.9660395 0.2583851 -0.002288807 0
-0.03318137 -0.1152639 0.9927808 0
0.8602511 0.3756284 1.027712 1

0.2167138 0.9741472 -0.06381552 0
-0.9760429 0.2175046 0.005632112 0
0.01936686 0.06106602 0.9979458 0
0.8506931 0.3757659 1.3716 1

0 -0.03780624 0.9992851 0
0.02103478 -0.999064 -0.03779787 0
0.9997787 0.02101974 0.0007953057 0
1.321716 0.3812595 1.313323 1

-0.8203678 -0.03703475 -0.5706358 0
-0.5708715 -0.004905975 0.8210249 0
-0.03320592 0.999302 -0.01711757 0
1.577712 0.3653367 1.217055 1

-0.9410216 -0.04063256 0.3358977 0
0.3346603 0.03436484 0.941712 0
-0.04980724 0.998583 -0.01874001 0
1.560984 0.3650739 1.09997 1

0.8736022 -0.04690283 0.4843759 0
-0.4849139 -0.0001100684 0.874562 0
-0.04096616 -0.9988996 -0.02283995 0
1.025794 0.3660443 1.118352 1

0.8118511 -0.03943714 -0.582531 0
0.5809467 -0.045059 0.8126935 0
-0.05829856 -0.9982057 -0.01367037 0
1.042524 0.3657922 1.235437 1

-0.204223 0.9739369 -0.09869035 0
-0.9787149 -0.2052249 3.188549E-07 0
-0.02025351 0.09658955 0.9951181 0
1.799592 0.3753532 1.371391 1

-0.2435644 0.9629362 0.1158872 0
-0.9693722 -0.2455754 0.003183622 0
0.03152466 -0.1115625 0.9932573 0
1.80015 0.375401 1.014599 1

0.2622606 0.9575166 0.1199231 0
-0.9644016 0.2644329 -0.002288837 0
-0.03390294 -0.1150538 0.9927808 0
0.8623197 0.3748211 1.027712 1

0.2228132 0.9727703 -0.06381551 0
-0.974661 0.2236159 0.005632112 0
0.01974905 0.06094358 0.9979457 0
0.8527586 0.3750103 1.3716 1

-1.192093E-07 -0.05037121 0.9987306 0
0.02103694 -0.9985095 -0.05036005 0
0.9997787 0.02101023 0.001059772 0
1.321716 0.37607 1.313323 1

-0.8200576 -0.04336131 -0.5706357 0
-0.5708165 -0.009308851 0.8210248 0
-0.04091271 0.999016 -0.01711746 0
1.575494 0.3626242 1.217055 1

-0.9406802 -0.04788963 0.3358977 0
0.3343853 0.03694494 0.9417121 0
-0.05750797 0.9981691 -0.01873989 0
1.558774 0.3622129 1.09997 1

0.8732412 -0.05320161 0.4843759 0
-0.4849021 0.003386996 0.874562 0
-0.04816867 -0.9985782 -0.02283995 0
1.028042 0.3640029 1.118352 1

0.8115456 -0.04529083 -0.5825311 0
0.5806067 -0.04924754 0.8126936 0
-0.06549567 -0.9977593 -0.01367049 0
1.044765 0.3636248 1.235437 1

-0.211729 0.9723326 -0.09869023 0
-0.9771026 -0.2127677 2.887228E-07 0
-0.02099788 0.09643063 0.995118 0
1.797291 0.3743519 1.371391 1

-0.2509844 0.9610289 0.1158873 0
-0.9674491 -0.253045 0.003183592 0
0.03238425 -0.1113162 0.9932573 0
1.797853 0.3743843 1.014599 1

0.269159 0.9556004 0.1199231 0
-0.9624695 0.2713809 -0.002288836 0
-0.03473181 -0.1148062 0.9927808 0
0.8646349 0.3739583 1.027712 1

0.2298226 0.9711381 -0.0638154 0
-0.9730231 0.230639 0.005632143 0
0.02018812 0.06079943 0.9979458 0
0.8550718 0.3742112 1.3716 1

-1.192093E-07 -0.06164824 0.998098 0
0.02104021 -0.9978771 -0.06163459 0
0.9997787 0.02100019 0.001296998 0
1.321716 0.3700426 1.313323 1

-0.8196623 -0.05028653 -0.5706357 0
-0.5707176 -0.01413015 0.8210249 0
-0.04934963 0.9986349 -0.01711757 0
1.573084 0.3596763 1.217055 1

-0.9402422 -0.05583353 0.3358977 0
0.3340613 0.039768 0.9417121 0
-0.06593711 0.9976477 -0.01873977 0
1.556372 0.3591034 1.09997 1

0.8727939 -0.06009611 0.484376 0
-0.4848603 0.007216118 0.8745621 0
-0.05605312 -0.9981668 -0.02284007 0
1.030854 0.3614491 1.118352 1

0.8111626 -0.05169839 -0.582531 0
0.5801996 -0.05383078 0.8126935 0
-0.07337308 -0.9972109 -0.01367013 0
1.04757 0.3609134 1.235437 1

-0.2199345 0.9705095 -0.09869034 0
-0.9752707 -0.2210135 3.777694E-07 0
-0.02181154 0.09624974 0.9951181 0
1.794773 0.373277 1.371391 1

-0.2590929 0.9588746 0.1158874 0
-0.9652773 -0.2612076 0.003183532 0
0.03332332 -0.1110388 0.9932573 0
1.79534 0.3732938 1.014599 1

0.2766971 0.9534451 0.1199232 0
-0.9602964 0.2789732 -0.002288776 0
-0.03563738 -0.1145285 0.9927809 0
0.8675304 0.3726947 1.027712 1

0.2374847 0.9692928 -0.06381574 0
-0.9711713 0.2383157 0.005632113 0
0.02066758 0.06063844 0.9979457 0
0.8579656 0.3729976 1.3716 1

1.788139E-07 -0.07037564 0.9975206 0
0.02104396 -0.9972997 -0.07036006 0
0.9997785 0.0209918 0.001480759 0
1.321716 0.3635011 1.313323 1

-0.8191821 -0.05758089 -0.5706357 0
-0.5705692 -0.01920978 0.8210249 0
-0.05823713 0.998156 -0.01711757 0
1.570507 0.3565243 1.217055 1

-0.9397079 -0.06420099 0.3358977 0
0.333694 0.04274007 0.9417121 0
-0.07481516 0.9970213 -0.01873977 0
1.553803 0.3557787 1.09997 1

0.8722635 -0.06735778 0.4843759 0
-0.4847834 0.01125111 0.874562 0
-0.06435832 -0.9976655 -0.02283995 0
1.033774 0.3587969 1.118352 1

0.8107042 -0.05844742 -0.582531 0
0.5797315 -0.0586578 0.8126935 0
-0.08166978 -0.9965657 -0.01367037 0
1.050482 0.3580976 1.235437 1

-0.2285649 0.9685133 -0.09869034 0
-0.9732647 -0.2296861 3.773903E-07 0
-0.02266747 0.09605189 0.9951181 0
1.792067 0.3720978 1.371391 1

-0.2676182 0.9565303 0.1158874 0
-0.9629139 -0.2697898 0.003183532 0
0.03431037 -0.1107378 0.9932573 0
1.792636 0.3720958 1.014599 1

0.2846225 0.9511092 0.1199231 0
-0.9579414 0.2869555 -0.002288836 0
-0.03658926 -0.1142279 0.9927808 0
0.8705497 0.3714014 1.027712 1

0.2455433 0.9672827 -0.06381551 0
-0.9691542 0.2463901 0.005632143 0
0.02117148 0.06046414 0.9979457 0
0.8609852 0.3717594 1.3716 1

3.576279E-07 -0.0752959 0.9971613 0
0.02104757 -0.9969404 -0.07527922 0
0.9997785 0.02098785 0.001584412 0
1.321716 0.3568749 1.313323 1

-0.8186255 -0.06501484 -0.5706357 0
-0.5703713 -0.02438859 0.8210248 0
-0.06729581 0.9975861 -0.01711746 0
1.567819 0.3532362 1.217055 1

-0.9390864 -0.07272881 0.3358977 0
0.3332923 0.0457675 0.941712 0
-0.08386282 0.9963009 -0.01873977 0
1.551124 0.3523104 1.09997 1

0.8716604 -0.07475834 0.4843759 0
-0.4846705 0.01536533 0.874562 0
-0.0728234 -0.9970834 -0.02283983 0
1.036718 0.3561233 1.118352 1

0.810179 -0.0653258 -0.582531 0
0.5792128 -0.0635759 0.8126935 0
-0.09012479 -0.9958366 -0.01367037 0
1.053418 0.355259 1.235437 1

-0.2373474 0.9663985 -0.09869023 0
-0.9711394 -0.2385118 3.173999E-07 0
-0.02353859 0.09584204 0.995118 0
1.789228 0.3708204 1.371391 1

-0.2762903 0.9540614 0.1158874 0
-0.9604251 -0.2785197 0.003183561 0
0.03531423 -0.1104218 0.9932572 0
1.789798 0.3707949 1.014599 1

0.2926845 0.9486594 0.119923 0
-0.9554715 0.2950754 -0.002288865 0
-0.03755742 -0.1139131 0.9927808 0
0.8736063 0.3701126 1.027712 1

0.2537439 0.9651639 -0.06381551 0
-0.9670283 0.2546064 0.005632143 0
0.0216839 0.06028227 0.9979457 0
0.864044 0.3705285 1.3716 1

2.980232E-07 -0.07515216 0.9971722 0
0.02105039 -0.9969513 -0.07513551 0
0.9997786 0.02099089 0.001581491 0
1.321716 0.3486015 1.313323 1

-0.8180091 -0.07235949 -0.5706357 0
-0.5701295 -0.02950684 0.8210249 0
-0.07624658 0.996942 -0.01711746 0
1.565236 0.350077 1.217055 1

-0.9383958 -0.08115426 0.3358977 0
0.3328681 0.04875715 0.941712 0
-0.09280138 0.9955082 -0.01873989 0
1.54855 0.3489782 1.09997 1

0.8710024 -0.08206984 0.4843759 0
-0.4845245 0.01943143 0.874562 0
-0.08118727 -0.9964373 -0.02283995 0
1.0396 0.3535051 1.118352 1

0.8096023 -0.07212177 -0.582531 0
0.5786589 -0.0684338 0.8126935 0
-0.09847769 -0.9950453 -0.01367025 0
1.056293 0.3524793 1.235437 1

-0.2460115 0.9642293 -0.09869022 0
-0.9689597 -0.2472183 3.468216E-07 0
-0.02439779 0.09562686 0.9951181 0
1.786478 0.3696477 1.371391 1

-0.284842 0.9515433 0.1158873 0
-0.9578867 -0.2871285 0.003183591 0
0.03630388 -0.1101002 0.9932572 0
1.787049 0.369604 1.014599 1

0.3006343 0.9461701 0.1199231 0
-0.9529618 0.3030823 -0.002288835 0
-0.03851193 -0.1135941 0.9927808 0
0.8766121 0.3688625 1.027712 1

0.2618337 0.9630008 -0.06381563 0
-0.9648578 0.2627118 0.005632114 0
0.02218899 0.06009826 0.9979457 0
0.8670539 0.3693373 1.3716 1

4.172325E-07 -0.06868265 0.9976385 0
0.02105178 -0.9974174 -0.06866744 0
0.9997783 0.0210021 0.001445473 0
1.321716 0.3374108 1.313323 1

-0.8173571 -0.07938635 -0.5706357 0
-0.5698549 -0.03440503 0.8210249 0
-0.08481089 0.99625 -0.01711757 0
1.562806 0.3471051 1.217055 1

-0.9376637 -0.08921535 0.3358977 0
0.3324369 0.05161573 0.9417121 0
-0.1013528 0.994674 -0.01873977 0
1.546128 0.3458434 1.09997 1

0.870315 -0.08906499 0.484376 0
-0.4843527 0.02332368 0.8745621 0
-0.08919033 -0.9957529 -0.02283995 0
1.042337 0.3510192 1.118352 1

0.8089967 -0.07862395 -0.582531 0
0.5780904 -0.0730807 0.8126935 0
-0.106469 -0.9942221 -0.01367037 0
1.059023 0.34984 1.235437 1

-0.2542884 0.9620797 -0.09869034 0
-0.9667996 -0.2555359 3.762604E-07 0
-0.02521864 0.09541376 0.9951181 0
1.783872 0.3685763 1.371391 1

-0.2930085 0.9490604 0.1158874 0
-0.9553839 -0.2953495 0.003183561 0
0.03724873 -0.1097843 0.9932574 0
1.784441 0.368518 1.014599 1

0.3082264 0.9437242 0.1199231 0
-0.9504961 0.3107289 -0.002288805 0
-0.03942332 -0.1132809 0.9927809 0
0.8794777 0.3676857 1.027712 1

0.2695622 0.9608662 -0.0638155 0
-0.9627159 0.2704553 0.005632055 0
0.0226711 0.05991802 0.9979457 0
0.8699252 0.3682179 1.3716 1

2.980232E-07 -0.05781498 0.9983274 0
0.02105216 -0.9981062 -0.05780217 0
0.9997784 0.02101696 0.00121677 0
1.321716 0.3244178 1.313323 1

-0.8167016 -0.08586802 -0.5706357 0
-0.569564 -0.03892461 0.8210249 0
-0.09271153 0.9955458 -0.01711757 0
1.560577 0.3443787 1.217055 1

-0.9369265 -0.09665105 0.3358977 0
0.3320169 0.05425139 0.9417121 0
-0.1092404 0.9938386 -0.01873989 0
1.543907 0.3429676 1.09997 1

0.8696304 -0.09551761 0.4843759 0
-0.4841664 0.0269154 0.8745621 0
-0.09657323 -0.995064 -0.02283995 0
1.044844 0.3487427 1.118352 1

0.8083913 -0.08462201 -0.582531 0
0.5775325 -0.07736639 0.8126935 0
-0.1138401 -0.9934051 -0.01367037 0
1.061523 0.347423 1.235437 1

-0.2619126 0.960032 -0.09869034 0
-0.9647419 -0.2631975 3.759255E-07 0
-0.02597481 0.09521073 0.9951181 0
1.781466 0.367603 1.371391 1

-0.3005282 0.9467061 0.1158873 0
-0.9530109 -0.3029193 0.00318356 0
0.03811842 -0.1094853 0.9932573 0
1.782032 0.3675321 1.014599 1

0.3152174 0.9414121 0.1199231 0
-0.9481652 0.3177701 -0.002288804 0
-0.04026249 -0.1129855 0.9927808 0
0.8821124 0.3666166 1.027712 1

0.2766815 0.9588404 -0.06381551 0
-0.9606835 0.2775882 0.005632144 0
0.02311489 0.05974817 0.9979457 0
0.8725667 0.3672029 1.3716 1

1.788139E-07 -0.04563085 0.9989583 0
0.02105232 -0.9987371 -0.04562074 0
0.9997784 0.02103041 0.000960351 0
1.321716 0.3114999 1.313323 1

-0.8160811 -0.09157786 -0.5706357 0
-0.5692778 -0.04290728 0.8210249 0
-0.09967213 0.9948731 -0.01711746 0
1.559034 0.3424909 1.217055 1

-0.9362277 -0.1032015 0.3358977 0
0.3316294 0.0565721 0.9417121 0
-0.1161886 0.9930503 -0.01873977 0
1.542368 0.3409763 1.09997 1

0.8689873 -0.101202 0.4843759 0
-0.48398 0.03008088 0.8745621 0
-0.1030779 -0.9944112 -0.02283983 0
1.04657 0.3471747 1.118352 1

0.8078207 -0.08990625 -0.582531 0
0.5770143 -0.08114127 0.8126934 0
-0.1203335 -0.9926394 -0.01367037 0
1.063245 0.3457583 1.235437 1

-0.2686207 0.958177 -0.09869022 0
-0.9628776 -0.2699385 3.458285E-07 0
-0.02664 0.09502663 0.9951181 0
1.779754 0.3672594 1.371391 1

-0.3071421 0.944581 0.1158874 0
-0.950869 -0.3095772 0.00318353 0
0.03888318 -0.1092161 0.9932573 0
1.780316 0.3672056 1.014599 1

0.3213665 0.9393308 0.119923 0
-0.9460671 0.3239633 -0.002288834 0
-0.04100034 -0.1127196 0.9927808 0
0.8839591 0.3661123 1.027712 1

0.2829454 0.9570106 -0.06381551 0
-0.9588478 0.2838642 0.005632175 0
0.02350512 0.05959567 0.9979456 0
0.8744219 0.3667734 1.3716 1

1.192093E-07 -0.03259419 0.9994687 0
0.02105229 -0.9992471 -0.03258697 0
0.9997784 0.02104111 0.00068611 0
1.321716 0.3010283 1.313323 1

-0.8155386 -0.09629044 -0.5706357 0
-0.5690205 -0.04619471 0.821025 0
-0.1054171 0.9942808 -0.01711781 0
1.557807 0.3409903 1.217055 1

-0.9356158 -0.1086079 0.3358977 0
0.331297 0.05848702 0.941712 0
-0.121923 0.9923625 -0.01873989 0
1.541146 0.3393935 1.09997 1

0.8684281 -0.1058937 0.4843759 0
-0.4838105 0.03269419 0.8745621 0
-0.1084468 -0.99384 -0.02283995 0
1.047942 0.3459284 1.118352 1

0.8073233 -0.09426776 -0.5825312 0
0.5765677 -0.08425645 0.8126935 0
-0.1256927 -0.9919751 -0.01367049 0
1.064614 0.3444352 1.235437 1

-0.274151 0.9566093 -0.09869057 0
-0.9613023 -0.2754959 4.349925E-07 0
-0.02718845 0.0948714 0.9951181 0
1.778381 0.3670335 1.371391 1

-0.3125933 0.942791 0.1158873 0
-0.9490647 -0.3150647 0.003183619 0
0.0395135 -0.1089894 0.9932573 0
1.778938 0.3669969 1.014599 1

0.3264349 0.9375815 0.1199231 0
-0.9443037 0.329068 -0.002288804 0
-0.04160854 -0.1124967 0.9927808 0
0.8854359 0.365744 1.027712 1

0.2881098 0.9554687 -0.06381541 0
-0.9573008 0.2890386 0.005632234 0
0.02382672 0.05946781 0.9979458 0
0.8759067 0.3664697 1.3716 1

0 -0.0191711 0.9998163 0
0.02105207 -0.9995949 -0.01916686 0
0.9997785 0.0210482 0.0004033456 0
1.321716 0.2944986 1.313323 1

-0.8151187 -0.09978063 -0.5706357 0
-0.5688174 -0.04863004 0.8210248 0
-0.1096724 0.9938203 -0.01711769 0
1.556902 0.3398841 1.217055 1

-0.9351423 -0.1126119 0.3358977 0
0.3310436 0.05990465 0.941712 0
-0.1261699 0.9918315 -0.01873989 0
1.540244 0.3382267 1.09997 1

0.8679972 -0.1093685 0.4843759 0
-0.4836758 0.03463038 0.874562 0
-0.1124237 -0.993398 -0.02283983 0
1.048954 0.3450097 1.118352 1

0.8069395 -0.09749818 -0.5825311 0
0.5762259 -0.08656339 0.8126935 0
-0.129662 -0.991464 -0.01367037 0
1.065622 0.3434598 1.235437 1

-0.2782434 0.9554268 -0.09869046 0
-0.960114 -0.2796084 3.454058E-07 0
-0.02759439 0.09475419 0.995118 0
1.777363 0.3668712 1.371391 1

-0.3166263 0.9414443 0.1158873 0
-0.9477073 -0.3191245 0.003183589 0
0.03997961 -0.1088193 0.9932572 0
1.777916 0.3668477 1.014599 1

0.3301848 0.9362674 0.119923 0
-0.942979 0.3328448 -0.002288864 0
-0.04205844 -0.1123291 0.9927808 0
0.886528 0.3654755 1.027712 1

0.2919316 0.9543078 -0.06381552 0
-0.9561362 0.2928677 0.005632175 0
0.02406451 0.05937197 0.9979457 0
0.8770053 0.3662494 1.3716 1

-1.192093E-07 -0.005829023 0.9999831 0
0.02105165 -0.9997617 -0.005827732 0
0.9997786 0.0210513 0.0001224885 0
1.321716 0.2923612 1.313323 1

-0.814866 -0.1018237 -0.5706357 0
-0.5686938 -0.05005602 0.8210249 0
-0.1121635 0.9935423 -0.01711757 0
1.556821 0.3397844 1.217055 1

-0.9348573 -0.1149559 0.3358977 0
0.3308924 0.06073423 0.9417121 0
-0.1286559 0.9915121 -0.01873989 0
1.540163 0.3381215 1.09997 1

0.8677385 -0.1114028 0.4843759 0
-0.4835933 0.03576395 0.874562 0
-0.1147518 -0.9931318 -0.02283983 0
1.049045 0.3449269 1.118352 1

0.8067088 -0.09938933 -0.5825311 0
0.5760214 -0.08791367 0.8126935 0
-0.1319855 -0.9911574 -0.01367037 0
1.065713 0.3433718 1.235437 1

-0.2806377 0.9547263 -0.09869033 0
-0.9594101 -0.2820145 4.049053E-07 0
-0.02783185 0.09468456 0.995118 0
1.777213 0.3673241 1.371391 1

-0.3189854 0.9406476 0.1158873 0
-0.9469045 -0.3214992 0.00318356 0
0.04025224 -0.1087189 0.9932573 0
1.777763 0.3673383 1.014599 1

0.3323784 0.935491 0.119923 0
-0.9421963 0.3350541 -0.002288863 0
-0.04232165 -0.1122303 0.9927808 0
0.8866676 0.3657734 1.027712 1

0.2941676 0.9536209 -0.06381552 0
-0.9554472 0.2951079 0.005632175 0
0.02420363 0.05931551 0.9979457 0
0.8771502 0.3666035 1.3716 1

5.960464E-08 0.00696419 0.9999757 0
0.02105105 -0.9997542 0.006962646 0
0.9997784 0.02105054 -0.0001466265 0
1.321716 0.293565 1.313323 1

-0.8148196 -0.1021945 -0.5706356 0
-0.5686709 -0.05031446 0.8210249 0
-0.1126155 0.9934911 -0.01711769 0
1.557068 0.3400861 1.217055 1

-0.9348047 -0.1153813 0.3358977 0
0.3308647 0.06088479 0.9417121 0
-0.129107 0.9914535 -0.01873989 0
1.540409 0.3384398 1.09997 1

0.867691 -0.1117719 0.4843759 0
-0.483578 0.0359697 0.874562 0
-0.1151743 -0.9930828 -0.02283983 0
1.048769 0.3451775 1.118352 1

0.8066665 -0.09973253 -0.582531 0
0.5759838 -0.08815876 0.8126934 0
-0.1324072 -0.9911011 -0.01367037 0
1.065438 0.3436379 1.235437 1

-0.281072 0.9545985 -0.09869044 0
-0.9592816 -0.2824508 4.644909E-07 0
-0.02787486 0.09467216 0.995118 0
1.777447 0.3677261 1.371391 1

-0.3194133 0.9405023 0.1158873 0
-0.946758 -0.3219301 0.00318356 0
0.04030177 -0.1087005 0.9932573 0
1.777995 0.3677647 1.014599 1

0.3327764 0.9353495 0.119923 0
-0.9420537 0.3354549 -0.002288863 0
-0.04236934 -0.1122122 0.9927808 0
0.8864006 0.366093 1.027712 1

0.2945733 0.9534957 -0.06381551 0
-0.9553216 0.2955144 0.005632175 0
0.02422875 0.05930517 0.9979456 0
0.8768849 0.3669497 1.3716 1

0 0.01874134 0.9998243 0
0.02105025 -0.9996028 0.01873718 0
0.9997784 0.02104656 -0.0003944626 0
1.321716 0.297304 1.313323 1

-0.81501 -0.1006665 -0.5706357 0
-0.5687643 -0.04924826 0.821025 0
-0.1107525 0.9937006 -0.01711781 0
1.557644 0.3407908 1.217055 1

-0.9350194 -0.1136283 0.3358977 0
0.3309783 0.06026437 0.9417121 0
-0.1272478 0.9916938 -0.01874001 0
1.540983 0.3391831 1.09997 1

0.8678856 -0.1102506 0.4843759 0
-0.4836403 0.03512188 0.874562 0
-0.1134332 -0.9932832 -0.02283983 0
1.048125 0.3457627 1.118352 1

0.8068401 -0.09831816 -0.5825311 0
0.5761375 -0.08714906 0.8126935 0
-0.1306695 -0.9913318 -0.01367061 0
1.064795 0.3442593 1.235437 1

-0.2792817 0.955124 -0.09869057 0
-0.9598098 -0.2806517 4.347671E-07 0
-0.02769729 0.09472414 0.9951181 0
1.778075 0.3680175 1.371391 1

-0.3176493 0.9410996 0.1158872 0
-0.94736 -0.3201543 0.00318356 0
0.04009789 -0.1087758 0.9932573 0
1.778624 0.3680624 1.014599 1

0.3311362 0.9359314 0.119923 0
-0.9426403 0.3338029 -0.002288863 0
-0.04217255 -0.1122864 0.9927808 0
0.8857198 0.3663936 1.027712 1

0.2929013 0.9540107 -0.06381528 0
-0.9558381 0.2938393 0.005632205 0
0.0241248 0.05934738 0.9979458 0
0.8762016 0.3672405 1.3716 1

1.192093E-07 0.02903671 0.9995783 0
0.02104927 -0.9993569 0.02903028 0
0.9997784 0.02104039 -0.0006113043 0
1.321716 0.3035488 1.313323 1

-0.815453 -0.09701146 -0.5706357 0
-0.5689794 -0.04669777 0.8210249 0
-0.1062961 0.9941872 -0.01711781 0
1.559031 0.3424873 1.217055 1

-0.9355196 -0.109435 0.3358977 0
0.3312452 0.05877997 0.9417121 0
-0.1228003 0.9922544 -0.01874013 0
1.542365 0.3409725 1.09997 1

0.8683402 -0.1066116 0.4843759 0
-0.4837834 0.03309431 0.8745621 0
-0.1092685 -0.99375 -0.02283983 0
1.046573 0.3471717 1.118352 1

0.8072451 -0.09493516 -0.5825311 0
0.5764979 -0.08473293 0.8126935 0
-0.1265127 -0.9918709 -0.01367037 0
1.063248 0.3457552 1.235437 1

-0.2749966 0.9563665 -0.09869057 0
-0.9610583 -0.2763457 4.051531E-07 0
-0.0272724 0.09484734 0.9951181 0
1.779582 0.3687254 1.371391 1

-0.3134268 0.9425144 0.1158871 0
-0.948786 -0.3159037 0.003183619 0
0.03960979 -0.1089544 0.9932573 0
1.780133 0.368786 1.014599 1

0.32721 0.9373113 0.119923 0
-0.9440313 0.3298486 -0.002288864 0
-0.04170156 -0.1124621 0.9927809 0
0.8840834 0.3671216 1.027712 1

0.2888995 0.9552301 -0.06381552 0
-0.9570615 0.2898298 0.005632175 0
0.02387583 0.05944823 0.9979457 0
0.8745598 0.3679457 1.3716 1

2.384186E-07 0.03733337 0.9993029 0
0.02104841 -0.9990815 0.03732509 0
0.9997785 0.02103373 -0.0007860651 0
1.321716 0.3121781 1.313323 1

-0.8160718 -0.09166019 -0.5706357 0
-0.5692735 -0.04296414 0.8210249 0
-0.09977218 0.994863 -0.01711781 0
1.560717 0.3445495 1.217055 1

-0.9362172 -0.1032958 0.3358977 0
0.3316237 0.05660589 0.9417121 0
-0.1162887 0.9930386 -0.01874025 0
1.544046 0.3431477 1.09997 1

0.8689777 -0.1012839 0.484376 0
-0.4839773 0.03012636 0.874562 0
-0.1031715 -0.9944015 -0.02283995 0
1.044688 0.3488845 1.118352 1

0.8078122 -0.08998235 -0.5825312 0
0.5770067 -0.08119563 0.8126935 0
-0.120427 -0.9926281 -0.01367049 0
1.061367 0.3475736 1.235437 1

-0.2687171 0.9581497 -0.09869057 0
-0.9628503 -0.2700353 4.054289E-07 0
-0.02664962 0.09502441 0.9951181 0
1.781435 0.3693403 1.371391 1

-0.3072374 0.9445502 0.115887 0
-0.9508377 -0.3096731 0.003183649 0
0.03889427 -0.1092118 0.9932574 0
1.781991 0.369401 1.014599 1

0.321455 0.9393005 0.1199231 0
-0.9460366 0.3240524 -0.002288864 0
-0.04101104 -0.1127159 0.9927808 0
0.8820783 0.3678374 1.027712 1

0.2830355 0.956984 -0.06381541 0
-0.9588211 0.2839545 0.005632264 0
0.02351081 0.05959346 0.9979457 0
0.8725464 0.3686064 1.3716 1

2.384186E-07 0.04345275 0.9990555 0
0.02104793 -0.9988343 0.04344312 0
0.9997785 0.02102804 -0.0009149304 0
1.321716 0.3212532 1.313323 1

-0.8167551 -0.08535819 -0.5706357 0
-0.5695881 -0.03856877 0.8210249 0
-0.09208991 0.9956035 -0.01711781 0
1.56269 0.3469629 1.217055 1

-0.9369869 -0.09606612 0.3358977 0
0.3320507 0.05404409 0.9417121 0
-0.1086199 0.9939067 -0.01874001 0
1.546012 0.3456934 1.09997 1

0.869686 -0.0950097 0.484376 0
-0.4841821 0.02663281 0.8745621 0
-0.09599219 -0.9951202 -0.02283983 0
1.042481 0.3508889 1.118352 1

0.8084406 -0.0841499 -0.582531 0
0.5775776 -0.07702927 0.8126935 0
-0.11326 -0.9934714 -0.01367049 0
1.059166 0.3497018 1.235437 1

-0.2613132 0.9601955 -0.09869057 0
-0.9649062 -0.2625951 4.057541E-07 0
-0.02591529 0.09522717 0.9951181 0
1.783593 0.3700493 1.371391 1

-0.2999372 0.9468936 0.1158872 0
-0.9531999 -0.3023243 0.00318359 0
0.03805003 -0.1095091 0.9932574 0
1.784153 0.3701092 1.014599 1

0.3146676 0.9415962 0.119923 0
-0.9483506 0.3172163 -0.002288894 0
-0.04019657 -0.1130088 0.9927809 0
0.8797389 0.3686678 1.027712 1

0.2761215 0.9590018 -0.06381539 0
-0.9608455 0.2770272 0.005632174 0
0.02307999 0.05976151 0.9979457 0
0.8701983 0.3693713 1.3716 1

2.980232E-07 0.04743816 0.9988742 0
0.02104778 -0.9986529 0.04742765 0
0.9997785 0.02102407 -0.0009988537 0
1.321716 0.3304051 1.313323 1

-0.8174573 -0.07834825 -0.5706357 0
-0.5698981 -0.03368095 0.8210249 0
-0.08354542 0.9963569 -0.01711781 0
1.565204 0.3500377 1.217055 1

-0.9377764 -0.08802437 0.3358977 0
0.3325021 0.05119367 0.941712 0
-0.1000894 0.9948019 -0.01874001 0
1.548518 0.3489367 1.09997 1

0.8704201 -0.08803096 0.484376 0
-0.4843802 0.02274831 0.8745621 0
-0.08800729 -0.9958581 -0.02283983 0
1.039669 0.3534427 1.118352 1

0.8090895 -0.07766277 -0.5825312 0
0.578177 -0.07239405 0.8126935 0
-0.1052878 -0.9943479 -0.01367049 0
1.056362 0.352413 1.235437 1

-0.2530662 0.9624019 -0.09869057 0
-0.9671234 -0.2543076 4.061164E-07 0
-0.02509743 0.09544599 0.9951181 0
1.786297 0.3712281 1.371391 1

-0.2918029 0.9494318 0.1158872 0
-0.9557582 -0.2941359 0.00318362 0
0.0371092 -0.1098313 0.9932573 0
1.786859 0.3713086 1.014599 1

0.307105 0.9440897 0.119923 0
-0.9508645 0.3095995 -0.002288924 0
-0.03928882 -0.1133276 0.9927809 0
0.8767898 0.3699156 1.027712 1

0.2684205 0.9611858 -0.06381541 0
-0.9630365 0.2693114 0.005632263 0
0.02260005 0.05994475 0.9979457 0
0.8672423 0.3705662 1.3716 1

1.788139E-07 0.04933269 0.9987825 0
0.02104791 -0.9985613 0.04932176 0
0.9997786 0.02102228 -0.00103867 0
1.321716 0.3392646 1.313323 1

-0.8181391 -0.07087426 -0.5706357 0
-0.5701821 -0.02847127 0.8210249 0
-0.07443624 0.9970788 -0.01711781 0
1.56782 0.3532372 1.217055 1

-0.9385416 -0.07945039 0.3358977 0
0.3329561 0.04815282 0.9417121 0
-0.09099381 0.995675 -0.01874001 0
1.551125 0.3523115 1.09997 1

0.8711405 -0.08059039 0.484376 0
-0.4845568 0.01860865 0.874562 0
-0.07949486 -0.9965737 -0.02283983 0
1.036743 0.3561 1.118352 1

0.8097236 -0.0707466 -0.5825311 0
0.5787743 -0.06745104 0.8126934 0
-0.09678765 -0.9952112 -0.01367037 0
1.053444 0.3552343 1.235437 1

-0.2442603 0.9646745 -0.09869057 0
-0.9694071 -0.2454585 4.065032E-07 0
-0.02422413 0.09567137 0.9951181 0
1.789097 0.3724062 1.371391 1

-0.2831139 0.9520589 0.1158872 0
-0.9584063 -0.2853889 0.003183591 0
0.0361039 -0.1101658 0.9932573 0
1.789661 0.3725043 1.014599 1

0.299027 0.9466793 0.119923 0
-0.9534752 0.3014634 -0.002288894 0
-0.03831902 -0.1136592 0.9927808 0
0.8737292 0.3711806 1.027712 1

0.2601978 0.9634441 -0.06381552 0
-0.9653025 0.2610728 0.005632204 0
0.02208695 0.06013574 0.9979457 0
0.864176 0.3717709 1.3716 1

1.788139E-07 0.0491789 0.99879 0
0.02104828 -0.9985688 0.049168 0
0.9997785 0.0210228 -0.001035451 0
1.321716 0.3464892 1.313323 1

-0.818769 -0.06318125 -0.5706357 0
-0.5704245 -0.02311066 0.8210248 0
-0.06506117 0.9977344 -0.01711781 0
1.570469 0.3564782 1.217055 1

-0.939247 -0.07062527 0.3358977 0
0.333394 0.04502119 0.941712 0
-0.08163119 0.9964863 -0.01874001 0
1.553766 0.3557301 1.09997 1

0.8718151 -0.07293183 0.484376 0
-0.4847017 0.01434966 0.8745621 0
-0.07073406 -0.9972339 -0.02283995 0
1.033779 0.3587918 1.118352 1

0.8103141 -0.06362817 -0.582531 0
0.5793447 -0.06236223 0.8126935 0
-0.08803813 -0.9960233 -0.01367037 0
1.050488 0.3580922 1.235437 1

-0.2351822 0.9669277 -0.09869058 0
-0.9716712 -0.2363359 3.472973E-07 0
-0.02332389 0.09589489 0.995118 0
1.791917 0.3735665 1.371391 1

-0.2741528 0.9546779 0.1158872 0
-0.9610465 -0.276368 0.003183591 0
0.03506684 -0.1105003 0.9932572 0
1.792481 0.3736799 1.014599 1

0.2906961 0.9492706 0.1199231 0
-0.9560876 0.2930728 -0.002288865 0
-0.03731874 -0.1139916 0.9927809 0
0.8706392 0.3724393 1.027712 1

0.2517211 0.9656935 -0.06381551 0
-0.9675595 0.2525798 0.005632143 0
0.0215576 0.06032754 0.9979457 0
0.861082 0.3729649 1.3716 1

1.192093E-07 0.04701861 0.9988941 0
0.02104883 -0.9986727 0.04700819 0
0.9997785 0.02102554 -0.000989913 0
1.321716 0.3536772 1.313323 1

-0.8193247 -0.05551529 -0.5706357 0
-0.5706159 -0.0177708 0.8210249 0
-0.05572009 0.9982997 -0.01711793 0
1.573085 0.3596777 1.217055 1

-0.9398667 -0.06183141 0.3358977 0
0.3338007 0.04189881 0.941712 0
-0.07230107 0.9972066 -0.01873989 0
1.556373 0.3591049 1.09997 1

0.8724199 -0.06530026 0.4843759 0
-0.4848086 0.01010778 0.874562 0
-0.06200504 -0.9978146 -0.02283983 0
1.030854 0.3614491 1.118352 1

0.8108398 -0.05653507 -0.5825312 0
0.5798683 -0.05729047 0.8126935 0
-0.07931909 -0.9967556 -0.01367049 0
1.04757 0.3609135 1.235437 1

-0.2261221 0.9690865 -0.09869069 0
-0.9738408 -0.2272313 4.371022E-07 0
-0.02242532 0.096109 0.995118 0
1.794683 0.3746926 1.371391 1

-0.2652055 0.9572019 0.1158873 0
-0.963591 -0.2673611 0.003183621 0
0.03403109 -0.1108237 0.9932572 0
1.795246 0.3748198 1.014599 1

0.2823784 0.9517779 0.119923 0
-0.9586155 0.2846954 -0.002288895 0
-0.03631979 -0.1143138 0.9927807 0
0.8676003 0.3736686 1.027712 1

0.2432612 0.9678593 -0.06381541 0
-0.9697326 0.2441036 0.005632262 0
0.02102894 0.06051372 0.9979457 0
0.858041 0.3741282 1.3716 1

0 0.04289299 0.9990798 0
0.02104952 -0.9988585 0.04288349 0
0.9997786 0.02103014 -0.0009031286 0
1.321716 0.3620851 1.313323 1

-0.8197921 -0.04812333 -0.5706357 0
-0.5707529 -0.01262358 0.8210249 0
-0.04671388 0.9987616 -0.01711793 0
1.575599 0.3627525 1.217055 1

-0.9403862 -0.05335198 0.3358977 0
0.3341651 0.03888645 0.941712 0
-0.06330406 0.9978182 -0.01873989 0
1.558878 0.3623482 1.09997 1

0.8729395 -0.05794123 0.484376 0
-0.4848766 0.006019317 0.874562 0
-0.05358882 -0.998302 -0.02283983 0
1.028042 0.3640029 1.118352 1

0.8112877 -0.04969567 -0.582531 0
0.5803307 -0.0523986 0.8126935 0
-0.07091114 -0.997389 -0.01367037 0
1.044765 0.3636248 1.235437 1

-0.2173724 0.9710866 -0.09869069 0
-0.9758507 -0.2184388 4.374866E-07 0
-0.02155751 0.09630732 0.995118 0
1.797324 0.3757681 1.371391 1

-0.2565615 0.959555 0.1158873 0
-0.9659632 -0.2586594 0.003183622 0
0.03303015 -0.1111261 0.9932573 0
1.797883 0.3759079 1.014599 1

0.2743425 0.9541252 0.119923 0
-0.9609821 0.2766017 -0.002288896 0
-0.03535455 -0.1146159 0.9927808 0
0.8646914 0.3748452 1.027712 1

0.2350911 0.9698761 -0.06381551 0
-0.9717566 0.2359176 0.005632143 0
0.02051786 0.06068898 0.9979457 0
0.855132 0.3752408 1.3716 1

1.192093E-07 0.03684267 0.9993211 0
0.0210503 -0.9990997 0.03683451 0
0.9997784 0.021036 -0.0007756939 0
1.321716 0.3707123 1.313323 1

-0.8201665 -0.0412527 -0.5706357 0
-0.5708386 -0.007840789 0.8210249 0
-0.03834372 0.9991179 -0.01711793 0
1.577712 0.3653367 1.217055 1

-0.9408004 -0.0454707 0.3358977 0
0.3344792 0.03608521 0.9417121 0
-0.05494126 0.9983137 -0.01874013 0
1.560984 0.3650739 1.09997 1

0.8733667 -0.0511011 0.4843759 0
-0.4849089 0.002220712 0.874562 0
-0.0457667 -0.9986911 -0.02283983 0
1.025794 0.3660443 1.118352 1

0.8116521 -0.04333875 -0.5825312 0
0.5807235 -0.047851 0.8126935 0
-0.06309575 -0.997914 -0.01367061 0
1.042524 0.3657922 1.235437 1

-0.2092281 0.9728737 -0.09869069 0
-0.9776467 -0.2102545 4.378443E-07 0
-0.02074978 0.09648464 0.995118 0
1.799538 0.3764941 1.371391 1

-0.2485125 0.9616711 0.1158871 0
-0.9680967 -0.2505566 0.003183622 0
0.03209788 -0.111399 0.9932574 0
1.800094 0.3766306 1.014599 1

0.2668597 0.9562451 0.119923 0
-0.9631194 0.2690651 -0.002288896 0
-0.03445557 -0.1148894 0.9927807 0
0.8623638 0.3756067 1.027712 1

0.2274862 0.9716882 -0.0638153 0
-0.9735749 0.228298 0.005632231 0
0.02004194 0.06084773 0.9979458 0
0.8528051 0.3759223 1.3716 1

5.960464E-08 0.02890818 0.9995821 0
0.02105112 -0.9993606 0.02890177 0
0.9997784 0.02104232 -0.0006085625 0
1.321716 0.3787759 1.313323 1

-0.8204507 -0.03515086 -0.5706357 0
-0.5708811 -0.003594673 0.8210249 0
-0.03091094 0.9993755 -0.01711781 0
1.579412 0.3674159 1.217055 1

-0.9411125 -0.03847149 0.3358977 0
0.3347384 0.03359624 0.9417121 0
-0.04751397 0.9986947 -0.01874001 0
1.562678 0.3672671 1.09997 1

0.8737009 -0.04502621 0.484376 0
-0.4849126 -0.0011516 0.874562 0
-0.03882039 -0.9989853 -0.02283983 0
1.023777 0.3678761 1.118352 1

0.8119339 -0.03769317 -0.582531 0
0.5810422 -0.043811 0.8126934 0
-0.05615428 -0.9983285 -0.01367037 0
1.040512 0.3677369 1.235437 1

-0.2019858 0.9744032 -0.09869057 0
-0.9791836 -0.2029767 4.083601E-07 0
-0.02003151 0.09663613 0.9951181 0
1.801315 0.376923 1.371391 1

-0.2413524 0.963493 0.1158872 0
-0.9699336 -0.2433487 0.003183593 0
0.03126845 -0.1116346 0.9932573 0
1.801867 0.3770449 1.014599 1

0.2602032 0.9580778 0.119923 0
-0.9649674 0.2623608 -0.002288896 0
-0.03365579 -0.1151263 0.9927808 0
0.8602844 0.3763017 1.027712 1

0.2207232 0.9732465 -0.06381551 0
-0.975139 0.2215217 0.005632172 0
0.01961818 0.06098586 0.9979456 0
0.8507278 0.3765475 1.3716 1

1.192093E-07 0.01913041 0.999817 0
0.02105193 -0.9995954 0.01912617 0
0.9997783 0.02104808 -0.0004028073 0
1.321716 0.3850256 1.313323 1

-0.8206529 -0.03006536 -0.5706358 0
-0.5708926 -5.654109E-05 0.821025 0
-0.02471661 0.999548 -0.01711793 0
1.580645 0.3689246 1.217055 1

-0.9413328 -0.03263813 0.3358977 0
0.3349401 0.0315208 0.9417121 0
-0.04132348 0.99897 -0.01873977 0
1.563908 0.3688585 1.09997 1

0.8739471 -0.0399629 0.4843759 0
-0.4848978 -0.003961363 0.8745621 0
-0.03303126 -0.9991935 -0.02283995 0
1.022398 0.3691291 1.118352 1

0.8121386 -0.03298789 -0.582531 0
0.5812862 -0.0404437 0.8126934 0
-0.05036876 -0.9986371 -0.01367049 0
1.039136 0.3690672 1.235437 1

-0.195943 0.9756364 -0.0986907 0
-0.9804229 -0.1969043 4.086256E-07 0
-0.01943228 0.09675841 0.9951181 0
1.802603 0.3770562 1.371391 1

-0.2353764 0.9649702 0.1158874 0
-0.9714231 -0.2373327 0.003183563 0
0.0305759 -0.1118265 0.9932573 0
1.803153 0.3771537 1.014599 1

0.2546474 0.9595695 0.1199231 0
-0.9664714 0.256765 -0.002288837 0
-0.03298813 -0.1153194 0.9927809 0
0.8588588 0.3766072 1.027712 1

0.2150802 0.9745091 -0.0638154 0
-0.9764061 0.2158678 0.005632201 0
0.01926443 0.06109834 0.9979456 0
0.849304 0.3767779 1.3716 1

0 0.008226579 0.9999662 0
0.02105255 -0.9997447 0.008224755 0
0.9997784 0.02105184 -0.0001733294 0
1.321716 0.3887941 1.313323 1

-0.8207838 -0.02624327 -0.5706357 0
-0.5708865 0.002602124 0.8210248 0
-0.02006152 0.9996521 -0.01711769 0
1.581387 0.3698313 1.217055 1

-0.9414746 -0.02825403 0.3358977 0
0.3350833 0.02996059 0.9417121 0
-0.03667087 0.9991516 -0.01873977 0
1.564646 0.3698148 1.09997 1

0.8741128 -0.03615736 0.484376 0
-0.484876 -0.00607256 0.8745621 0
-0.02868052 -0.9993279 -0.02283995 0
1.021569 0.3698821 1.118352 1

0.8122746 -0.02945158 -0.5825312 0
0.5814569 -0.03791241 0.8126935 0
-0.04602024 -0.998847 -0.01367049 0
1.038309 0.3698667 1.235437 1

-0.1913974 0.9765382 -0.09869046 0
-0.981329 -0.1923363 3.492206E-07 0
-0.01898146 0.09684788 0.995118 0
1.803379 0.3769292 1.371391 1

-0.23088 0.9660559 0.1158874 0
-0.9725178 -0.2328062 0.003183563 0
0.03005481 -0.1119677 0.9932573 0
1.803928 0.3769958 1.014599 1

0.2504671 0.9606692 0.1199231 0
-0.9675801 0.2525546 -0.002288867 0
-0.03248581 -0.1154619 0.9927809 0
0.8579987 0.3766481 1.027712 1

0.2108352 0.9754363 -0.06381541 0
-0.9773369 0.2116145 0.005632261 0
0.0189983 0.06118166 0.9979457 0
0.8484452 0.3767509 1.3716 1

1.192093E-07 -0.002958386 0.9999956 0
0.02105285 -0.999774 -0.002957733 0
0.9997783 0.02105276 6.216856E-05 0
1.321716 0.39 1.313323 1

-0.8208546 -0.02393151 -0.5706357 0
-0.570877 0.004210019 0.8210249 0
-0.01724595 0.9997048 -0.01711781 0
1.581632 0.3701312 1.217055 1

-0.9415504 -0.02560229 0.3358977 0
0.3351663 0.02901699 0.9417121 0
-0.03385672 0.9992509 -0.01874001 0
1.564891 0.3701312 1.09997 1

0.8742051 -0.03385556 0.4843759 0
-0.4848583 -0.007349292 0.874562 0
-0.02604901 -0.9993999 -0.02283983 0
1.021295 0.3701312 1.118352 1

0.8123493 -0.02731264 -0.5825312 0
0.5815547 -0.03638128 0.8126935 0
-0.04338995 -0.9989648 -0.01367061 0
1.038036 0.3701312 1.235437 1

-0.1886463 0.9770736 -0.09869057 0
-0.981867 -0.1895717 4.089461E-07 0
-0.01870856 0.09690101 0.9951181 0
1.803644 0.3766038 1.371391 1

-0.2281583 0.9667024 0.1158872 0
-0.9731697 -0.2300663 0.003183593 0
0.02973935 -0.1120517 0.9932573 0
1.804191 0.3766382 1.014599 1

0.2479366 0.9613253 0.119923 0
-0.9682418 0.2500059 -0.002288867 0
-0.03218159 -0.115547 0.9927808 0
0.8577071 0.3764665 1.027712 1

0.208266 0.9759882 -0.0638153 0
-0.9778906 0.2090404 0.005632261 0
0.01883709 0.06123142 0.9979458 0
0.8481542 0.3765154 1.3716 1

5.960464E-08 -0.01419088 0.9998994 0
0.02105287 -0.9996778 -0.01418774 0
0.9997784 0.02105075 0.0002985606 0
1.321716 0.3897909 1.313323 1

-0.8208706 -0.02337653 -0.5706357 0
-0.570874 0.004596019 0.8210249 0
-0.01657006 0.9997161 -0.01711781 0
1.581441 0.3698979 1.217055 1

-0.9415675 -0.0249657 0.3358977 0
0.3351858 0.02879031 0.941712 0
-0.0331811 0.9992735 -0.01873989 0
1.564701 0.3698851 1.09997 1

0.8742263 -0.03330297 0.4843759 0
-0.4848535 -0.00765554 0.874562 0
-0.02541736 -0.9994161 -0.02283971 0
1.021616 0.3698395 1.118352 1

0.8123664 -0.02679917 -0.582531 0
0.5815775 -0.03601364 0.8126934 0
-0.04275855 -0.9989919 -0.01367049 0
1.038249 0.3699255 1.235437 1

-0.1879856 0.9772007 -0.09869057 0
-0.9819949 -0.1889078 4.089751E-07 0
-0.01864305 0.09691366 0.9951181 0
1.803457 0.3762204 1.371391 1

-0.2275046 0.9668564 0.1158873 0
-0.973325 -0.2294083 0.003183593 0
0.02966356 -0.1120718 0.9932572 0
1.804006 0.3762303 1.014599 1

0.247329 0.9614818 0.1199229 0
-0.9683996 0.2493939 -0.002288927 0
-0.03210855 -0.1155672 0.9927808 0
0.8580244 0.3760713 1.027712 1

0.2076491 0.9761195 -0.0638154 0
-0.9780226 0.2084222 0.005632201 0
0.01879841 0.06124335 0.9979456 0
0.848363 0.3761896 1.3716 1

5.960464E-08 -0.02523708 0.9996815 0
